100 100 1000
-56 -21
8 -18
-2 -41
-92 -96
-39 59
11 -4
-72 -11
-47 73
-34 92
8 -88
-79 -50
19 18
-25 70
51 -48
89 -85
-11 -23
-28 -94
-50 4
-47 -89
12 -3
-79 -23
44 29
78 -58
72 20
17 -68
25 34
62 83
-86 -81
-16 -84
-77 -94
46 -5
65 8
-52 88
67 36
73 -61
7 3
-28 36
-28 45
-4 12
71 15
-36 41
89 63
31 -49
2 -85
1 99
-29 -54
-60 -69
-15 82
-53 -12
94 7
-62 16
12 -35
-32 -60
95 -19
-33 61
77 94
-71 -33
9 76
60 23
92 92
-28 -99
55 -74
-66 54
-96 50
-92 11
-98 -60
-44 60
36 -60
-63 56
29 -99
-92 29
-29 67
-21 80
-60 61
85 52
49 -23
-98 -33
97 26
92 -43
14 19
40 -81
-1 -87
92 -34
-85 -85
-48 53
-48 62
-52 -79
95 79
63 6
-43 -3
-41 -61
68 27
92 60
94 2
35 -66
92 96
-14 87
-31 16
59 -81
-27 -23
-53 77
9 -91
74 29
88 -27
11 89
-71 47
62 82
-95 89
-72 91
-4 -34
-14 -57
61 -54
96 62
87 93
-56 -54
61 -36
-22 -43
70 31
11 -46
-78 16
44 -98
90 18
91 -17
18 11
-23 -39
-47 40
46 88
6 15
-40 -92
-3 46
69 62
72 -31
-15 99
-14 64
-31 -7
32 -58
67 -91
-68 93
92 82
-93 18
24 -53
-80 -43
-10 43
99 -41
-63 37
-25 -98
68 -47
-61 -21
-90 -57
25 19
77 -78
-64 90
-26 -36
-87 97
-14 -71
50 -68
29 -91
66 47
-25 -62
-41 73
-57 -33
6 -84
46 -20
51 67
89 30
50 -41
8 -47
-12 -16
-60 -93
88 89
-14 32
-77 -6
5 45
-51 -97
-77 3
48 25
-26 85
-50 -34
26 86
13 -85
53 -40
50 62
-27 -51
65 -57
-41 23
68 -61
-44 45
-71 28
31 48
-43 99
51 26
57 -43
45 -8
83 95
26 -49
-76 -69
-88 -43
2 30
-11 60
85 46
-50 87
42 -68
-75 -77
87 83
28 6
-10 -88
89 34
-19 92
-66 -20
60 -33
84 -66
11 -38
76 82
77 47
40 7
35 -90
-20 -26
-19 -61
-82 -99
32 -77
95 -39
-2 19
-49 87
-74 12
96 -65
-82 -90
50 66
52 -10
-21 24
33 4
-92 -18
54 36
-8 61
-8 70
-52 45
50 -87
97 -3
20 61
-20 77
89 -7
-56 -96
-5 -14
-59 24
90 -24
64 76
-94 66
-13 -98
89 20
-12 -35
-19 78
45 81
54 -90
-70 14
-97 -3
63 -14
3 84
76 68
-49 46
9 15
83 -27
4 -82
-61 99
-73 -55
57 82
-65 56
1 -97
15 94
-67 -97
-12 77
-12 86
-44 26
94 67
93 13
91 80
-77 87
66 5
30 82
14 -24
-96 92
-79 23
-49 -53
8 -89
41 97
-38 42
-30 55
-76 -52
33 93
-73 84
70 2
19 -53
-66 -39
-43 -37
-90 40
46 59
95 -67
-23 -41
15 62
-27 -93
68 77
-14 26
29 6
-64 16
35 -91
-29 -8
-22 40
26 89
39 19
81 34
20 15
-26 -92
68 -76
8 59
-40 -18
-5 -51
22 -34
-66 91
-42 58
30 77
-77 91
-28 -44
97 -13
50 -97
-12 -72
16 8
8 -85
1 28
-23 -91
-75 -83
75 -77
-42 -86
-14 -6
-95 -80
9 5
94 -37
29 -8
-88 72
-85 -30
33 -47
10 -49
53 -69
-4 62
-73 -47
54 -6
-38 -80
22 -66
-16 69
-65 64
-76 64
-95 32
94 57
-26 -88
39 32
-11 13
-48 -27
15 -78
78 -40
60 82
-58 -44
75 80
88 10
-28 -22
18 -55
-61 39
18 -46
-27 41
33 92
5 -16
-97 -27
-26 33
-57 27
3 78
-80 71
7 39
3 87
14 87
79 55
45 -69
73 11
-94 -17
90 91
63 74
-49 -95
14 -48
-59 -23
-73 42
52 64
-43 92
60 86
10 67
33 69
59 -31
-93 91
-37 1
71 -48
60 -85
40 -54
44 96
-68 4
-27 54
-26 19
-14 -16
33 -84
77 13
-42 -78
50 -4
18 25
-65 9
-39 58
-22 -1
33 -57
98 63
67 94
27 21
34 -83
82 55
-76 45
64 -70
-4 52
25 -43
73 6
-9 -36
-12 66
85 -20
14 -62
74 -11
-17 -31
-86 98
-40 -24
-35 -98
-16 -85
72 46
-52 87
-36 -36
-61 29
64 51
-37 5
76 25
-5 37
6 -52
46 21
-3 -21
83 -70
22 63
92 -3
66 97
44 -80
-59 84
10 -73
-83 -26
45 -97
-36 67
-78 61
81 -4
-4 47
47 92
-83 1
3 -85
-63 -21
66 -29
95 7
87 3
86 -51
97 -42
24 -26
52 54
-19 12
-9 53
22 31
65 11
34 42
-57 -15
-74 -86
-69 29
89 48
-79 92
-1 -61
18 6
-39 39
6 -48
43 99
-4 24
61 4
66 -70
-41 -44
98 62
-44 -31
-87 -2
-63 -35
-66 30
-12 47
-54 41
-3 77
-77 39
-85 35
-96 35
86 -56
-2 60
-74 53
6 73
-39 -69
-7 -37
53 14
-90 -44
45 10
-24 -99
77 -47
72 36
-70 -57
-63 77
-21 92
31 93
92 -31
38 -2
49 -1
97 47
-4 -8
-39 25
-77 -69
-48 65
-49 11
-29 -74
70 57
30 -16
-84 -90
26 32
-82 81
36 64
28 51
-39 61
47 73
-37 98
83 14
-89 69
-25 72
-8 3
89 -83
-78 78
4 -23
33 13
-59 -61
6 68
34 -13
-25 99
6 77
88 -24
-30 2
-44 67
54 72
81 89
-29 65
-14 -72
-10 78
77 -34
9 -52
-44 94
-5 31
86 51
-39 38
98 25
81 -46
32 89
10 -88
-56 -24
70 52
-78 37
-32 -76
-66 20
94 9
32 -55
28 82
-91 -46
-7 -56
89 -70
-56 79
36 -76
-29 42
52 39
-87 82
-17 16
20 65
54 67
33 44
-98 -49
-63 58
1 -25
-52 67
-34 -28
40 -79
-76 -34
-25 -50
62 -82
-60 90
-83 -64
36 27
-67 51
-38 87
81 -51
15 13
74 -99
44 -91
76 81
-9 -97
31 -61
-35 3
51 -83
20 -52
-9 -88
-29 -57
65 99
-98 72
94 -5
-62 4
-19 -53
-15 97
12 -29
-29 28
-67 -66
37 -27
45 -14
-74 47
92 -82
16 -50
44 30
-63 44
-38 -12
-63 62
-69 -9
-51 36
-56 -61
42 -56
-58 6
42 -47
-15 56
71 7
8 -31
-35 -1
-82 66
71 16
30 -22
29 10
-20 -23
4 -56
-13 22
-34 88
67 -98
33 -2
80 82
-11 -27
33 -1
65 -59
17 -90
47 -77
50 96
-56 87
-55 -97
-98 -59
69 -71
-22 -91
39 77
11 95
-28 -13
-20 98
38 -22
-2 -95
-21 -99
-99 -37
-53 -70
91 -47
-83 -74
-44 -83
55 39
82 2
-69 80
5 29
-27 95
-37 60
28 31
-86 9
39 -49
-50 -50
60 -17
84 -50
-66 5
50 55
-68 81
-57 81
49 99
-92 -20
-82 -74
-19 -36
-54 92
-15 -66
-37 -66
39 54
-68 -72
8 85
-97 -99
-65 -67
77 -63
-48 13
35 38
62 -97
53 74
-16 -26
7 -24
55 25
-16 -17
9 4
56 88
79 1
-41 -92
57 53
23 -89
-46 68
39 -63
-61 88
96 -99
12 -71
46 80
-26 73
-20 -33
-97 31
29 18
92 56
-74 -4
-4 70
69 63
-13 21
-73 -21
27 66
-2 30
-17 -22
-80 -60
-53 46
27 75
-26 -80
-37 -71
-63 29
26 -61
-68 -68
-71 34
55 -16
31 63
-67 4
-31 88
89 4
-45 -76
-31 97
-70 -2
5 1
-23 -70
53 87
-43 -39
-53 -71
56 92
-63 -88
41 -49
69 22
5 28
61 27
80 40
-79 -87
-77 -5
-2 -1
34 -70
-50 -42
64 -48
93 -12
91 55
18 83
-45 54
56 -25
23 27
-57 -82
22 -27
-62 96
87 48
-33 -97
98 -41
-67 -10
-12 -65
15 -48
-94 45
72 68
98 -32
35 28
59 -5
4 59
10 93
-91 50
62 -98
18 -34
88 40
1 35
90 -18
24 37
-26 27
-43 -53
64 91
-49 34
11 -64
-46 67
-96 -50
58 17
94 -48
-3 10
-49 52
61 22
4 -85
-69 83
79 67
-13 -7
-4 60
-42 -43
13 -98
-39 93
-74 -5
52 -18
53 -53
30 34
-41 -8
88 -77
-29 3
-46 -68
86 -47
45 -48
-88 -83
-52 19
-17 -14
38 -69
94 82
-13 96
49 -60
7 -66
-30 43
96 30
16 10
-48 7
42 -81
91 -67
-73 90
-43 -49
-18 35
-92 86
56 82
94 -53
27 15
72 -72
-86 7
-34 45
18 46
-69 78
-39 88
-4 55
58 39
34 -80
61 35
-63 -22
-81 -58
-74 -19
-32 -44
-12 60
62 9
-52 -13
30 38
-5 99
-7 -91
-54 63
97 -52
-77 70
46 -79
-32 -17
26 -85
-43 81
31 30
94 77
70 -42
-93 80
26 -58
59 -24
48 -52
42 -86
-99 -62
91 -72
53 63
-43 -63
34 59
22 57
-31 -98
76 37
48 -34
-54 -54
-17 84
-42 -80
-23 -67
58 16
-62 -40
-11 -93
-1 -26
-39 74
38 56
87 -79
-10 -21
-73 -50
14 -82
-4 68
-63 -9
-40 -44
-48 -48
-86 87
71 89
38 -88
-67 -43
-1 86
25 49
9 -48
64 49
99 16
-41 94
57 10
93 94
76 23
45 54
-60 99
99 34
-73 -91
41 -69
24 98
57 46
-86 -12
-45 -11
80 20
-9 -70
61 16
-56 7
-55 61
53 -77
93 -41
48 55
31 -16
-75 12
19 28
-79 -31
-3 89
-25 89
-20 27
-94 -1
-91 -6
36 -54
15 -77
-73 39
18 -81
-89 -67
-2 99
68 -4
40 -75
-81 53
34 40
-41 98
22 47
-23 -95
65 27
-32 76
5 -6
-31 -81
10 -80
-73 -87
89 73
-40 99
-13 -36
-7 96
17 63
-75 -2
-63 -37
-23 8
51 -43
-92 -64
-8 15
-25 93
84 9
-58 -84
16 -46
15 -91
75 49
-7 -39
47 -59
21 78
-55 -70
9 -67
73 88
-92 30
-80 4
47 -32
-25 -51
36 -32
5 -38
51 69
-76 -17
60 -75
86 63
