100 100 1000
90 24
47 53
19 -18
-87 -27
-7 91
-98 80
-37 96
-58 73
82 56
8 18
-62 30
51 -39
-31 8
95 -5
43 -43
52 24
28 -77
42 96
-21 67
93 52
88 -17
-19 9
57 -23
76 -10
-93 69
38 -18
89 36
21 -71
-97 -45
14 42
69 -4
-58 41
61 -8
10 -81
13 92
-4 21
-32 -87
-55 46
19 -5
-62 7
-15 91
51 -53
72 -21
-50 -10
23 -26
-13 39
-28 -99
1 -54
32 -39
40 63
-6 96
70 -76
70 -67
-15 -44
-30 4
71 -93
39 85
-88 -10
-51 39
23 77
54 92
96 76
-91 82
97 53
99 81
43 91
-70 34
17 39
25 -97
83 -16
25 -88
-32 -83
43 -80
16 92
47 70
40 31
35 -75
24 -66
-68 98
50 81
25 6
53 -12
-29 35
-98 -74
6 65
-55 -94
-78 -87
62 73
51 45
-52 69
93 69
9 -55
61 -54
49 -10
-88 12
54 -84
-40 61
-21 -87
80 -23
88 67
-41 -75
36 47
91 -17
-35 5
92 55
63 19
36 65
29 17
6 24
-23 -12
-66 17
20 -32
4 -49
-62 15
-57 84
84 -29
-50 -20
-73 -4
-15 -72
-30 -24
52 27
33 23
73 59
68 -47
66 20
48 -96
-39 -6
-64 -81
85 60
-53 -72
86 34
-53 -63
-27 75
-39 21
89 39
-23 -44
-46 89
32 -99
92 41
-78 29
-26 67
43 -90
-52 -62
-63 -62
41 -23
-2 6
60 -10
40 21
-37 76
33 -18
-33 46
-73 -18
-27 -51
-1 33
-29 16
64 -13
77 -74
57 -43
-33 -98
14 -14
-9 21
-17 17
46 -34
-32 28
14 -5
-65 -60
39 79
-94 35
38 -47
68 -25
96 43
70 12
43 58
4 76
90 -10
-24 -32
20 -87
54 -85
-78 15
8 -34
-86 11
-89 24
-5 94
-11 -66
-60 -71
44 -32
40 16
-50 -39
-86 29
-20 -26
-2 1
33 -23
34 -49
-44 13
-30 -43
45 -40
-16 93
-90 -85
-35 89
-46 -51
-26 -73
73 49
11 74
-41 36
57 -48
19 87
-69 -26
-72 76
97 -3
58 -74
-42 86
-40 28
24 31
79 -24
-82 31
76 50
92 22
-43 -23
-71 -94
75 -31
49 69
-20 -40
-39 96
-49 73
15 76
93 -14
-75 30
-1 23
33 -10
-22 54
10 -12
-4 99
-95 42
38 -75
-17 -11
-91 21
-57 -66
97 -8
27 -94
-14 -86
84 68
-47 -25
-11 59
-47 -16
-61 49
27 -58
-61 58
36 9
9 -8
-6 3
-38 69
92 8
54 -86
83 -50
-7 47
94 -41
84 -76
-89 14
-71 -90
-13 -18
-6 30
41 -38
61 29
32 -96
-81 -55
85 89
61 47
27 45
56 -59
2 -30
3 -56
-23 44
-80 -63
-54 75
-51 -18
97 -31
85 4
-49 -76
35 3
20 51
80 -84
-67 -17
96 19
-90 -10
60 87
-76 -66
67 -8
-16 -52
72 70
-18 15
91 -69
-30 59
-47 -12
45 62
-81 75
37 58
-8 -84
53 84
-62 -46
52 -61
-23 -64
94 -46
38 50
22 96
-57 41
62 -11
-76 46
-12 49
96 -89
58 46
88 -93
33 -29
88 -84
-78 94
-97 99
40 86
22 -39
-54 79
-85 73
-77 86
94 75
-47 -53
27 -95
1 5
88 10
71 -61
97 -9
79 -48
91 -83
1 14
-43 -74
-58 -26
71 -52
1 23
-20 80
96 32
-6 -16
-95 -94
64 79
92 -1
94 -60
95 -95
29 -31
37 71
-88 49
6 -33
-86 -9
14 78
-80 71
87 -81
-28 81
-73 -61
87 -72
-92 -65
19 22
-99 48
-60 -15
-12 71
-72 29
-94 1
-24 87
78 -45
26 -83
-54 83
83 70
72 24
-51 -10
79 -62
-35 -84
-4 -69
-12 -73
-35 -75
-26 -8
64 56
-55 -35
65 21
74 88
85 88
71 -48
85 97
-89 -19
-80 48
83 -65
-50 -91
-25 -7
-56 -13
55 74
-69 66
60 -49
-74 -40
70 72
69 18
-21 -37
89 76
90 59
-29 -32
-10 -19
61 32
19 26
-47 90
-41 -16
56 -65
-71 -20
-97 80
-89 93
55 -52
-42 43
40 94
18 -83
55 -34
76 -2
-9 58
65 7
-61 20
85 74
-49 3
-81 69
-8 -99
5 -17
-46 36
44 -89
-84 -98
59 58
-68 26
41 -58
78 80
-21 -33
-65 31
-24 32
-63 -39
-17 -72
-52 -21
22 -72
-63 -12
12 -9
-51 -47
-42 20
-23 33
-74 49
97 -51
-47 -86
98 -86
67 -55
96 -19
-47 -68
23 18
89 -46
70 -50
-7 -23
-10 79
21 94
-78 -65
9 -60
-84 50
-44 95
14 27
66 65
-6 -31
29 -64
-62 -75
-69 38
-31 -97
-25 -17
-34 14
-32 96
42 -18
55 64
-65 8
-55 40
98 44
-58 53
62 -31
-16 31
19 -1
-9 -73
-12 29
91 14
82 45
83 10
90 58
39 -15
-79 -52
-61 -93
66 -52
-86 61
85 -39
74 -30
86 -65
-94 -23
40 66
-79 -25
12 -5
-94 -14
97 -56
-28 -78
90 -95
96 -15
-84 27
-10 65
-75 94
98 -73
-36 -55
36 -39
74 64
34 28
-61 19
-97 -65
94 -98
67 34
78 34
-79 78
50 -28
-40 69
-76 -6
-36 30
-67 61
44 -90
19 -25
2 -96
-75 -32
44 -81
74 -80
81 -32
33 -72
98 48
81 -23
51 -73
-70 64
-58 66
-15 98
20 -24
5 76
-86 56
-95 -1
31 -15
-31 10
32 -41
12 -10
64 -9
23 -10
-62 50
84 15
17 -75
-90 -40
65 -17
-92 27
34 14
-21 78
-9 52
6 -85
-66 -92
51 75
13 58
7 -13
55 36
85 86
-45 -33
-76 -2
-4 14
-47 43
89 65
11 -25
-4 23
-17 -96
12 -51
-78 55
35 -68
83 18
-74 25
-48 -66
-75 75
-47 -83
19 91
-81 13
-51 23
5 -64
-7 -29
6 -99
-92 31
23 70
-97 -75
63 -86
-49 -26
-52 76
-15 -24
68 -8
58 -43
54 -77
-76 -16
-63 -86
-39 33
20 -70
96 96
13 89
23 -65
-82 80
-70 45
-77 -3
1 87
-40 -94
-83 -28
92 62
52 -11
-77 24
-60 -45
-94 -38
-31 9
65 -54
99 -43
-63 35
-58 -88
-83 66
19 86
88 -34
44 30
-86 -98
-71 40
65 -27
14 -11
45 4
-76 -48
49 -26
-57 -35
-65 -39
-79 63
-2 -90
73 -87
69 -39
-47 6
38 -8
51 74
-39 10
71 -11
55 35
-71 -95
-75 -47
-86 14
39 -53
23 -70
11 -35
75 -32
68 81
-52 -55
-78 45
11 -17
-2 13
57 99
16 -91
-42 -14
43 -65
88 -66
52 11
-73 -11
65 -59
-38 -35
-99 98
47 -86
-17 -3
99 -39
9 -94
81 74
-32 17
-64 83
-86 -94
-49 -45
-17 24
-59 18
-79 49
-11 67
-31 98
-5 -1
31 82
-40 31
-5 7
58 -44
-48 36
26 -15
-12 -41
97 36
-56 -57
26 -6
28 13
70 28
-24 -7
-27 95
-62 -24
19 -27
6 3
-26 69
-77 -4
-62 -15
9 36
96 -85
-11 -59
15 79
33 -25
-21 4
-76 68
-27 -67
-59 -90
-7 -89
99 -62
-80 -55
19 67
-9 -4
-12 98
-80 -46
-87 67
-52 34
-83 65
-52 52
51 37
-72 83
75 93
-5 -7
-8 95
14 6
81 -93
-84 87
42 -66
64 83
36 12
-90 34
16 52
73 -70
77 31
93 -92
30 -41
63 -7
94 -38
92 29
-80 93
-19 -77
80 45
-76 54
26 83
50 50
84 -37
73 33
56 -38
-63 11
2 -9
-34 -93
68 -73
-54 87
-5 -39
-53 73
-14 -97
-8 72
-94 32
-40 12
52 86
-69 -24
13 15
13 24
-71 52
98 -18
16 29
-36 -9
-15 32
-27 76
-14 6
6 -16
40 -14
-69 79
4 -89
21 -18
-79 -96
-95 -50
52 -40
-68 53
-4 56
-62 -16
-38 -86
44 -26
52 -13
45 -52
-10 12
1 -77
-53 41
85 -7
-54 73
-18 -72
8 66
-72 46
85 2
2 -5
-79 7
-81 -12
98 -50
-62 96
75 83
-23 87
84 70
61 -72
-24 -58
36 -7
-48 21
-87 -87
-50 97
-6 5
-62 -48
71 -13
-34 32
-98 38
58 26
-31 -43
56 -75
45 -75
53 -62
58 53
-72 23
93 -8
-63 1
49 -96
-54 68
-99 78
-40 -25
97 -38
-41 19
46 -65
30 70
-23 64
23 31
-5 -40
31 44
-74 98
90 -50
-31 78
10 79
63 -58
30 -83
-87 -92
35 32
-46 44
68 29
-16 -32
-31 -84
94 -62
-73 99
84 -97
-66 -42
29 -33
72 -90
-62 -44
58 12
67 79
60 -46
87 -92
81 -14
87 -83
21 -19
-85 -28
-50 -61
55 95
80 39
-93 -23
39 -1
81 13
-83 9
51 -28
-53 31
-52 -4
97 -43
72 31
23 26
1 -11
-42 55
-58 -51
52 71
36 -35
99 3
27 -93
91 -81
30 -88
74 86
-6 -23
-83 -99
-89 -21
-80 46
-24 -41
-22 -22
-98 10
94 -58
5 4
64 -99
7 32
-96 -33
-55 66
-24 44
-41 -27
-55 75
64 -63
-72 13
-9 -38
-43 58
-72 22
20 16
3 -55
-40 -26
-43 76
-96 70
-93 66
-13 86
-70 -58
-11 28
-20 50
-55 -60
-1 95
-65 -83
-30 24
-61 18
94 -99
-44 98
1 11
96 20
-41 94
60 -92
-54 -59
-20 -94
-5 44
40 -43
-43 -50
84 -98
-50 -89
-35 30
-84 -64
39 -12
-35 48
-87 10
-80 -94
23 -20
-72 8
-24 66
14 -69
84 14
-24 75
6 85
10 46
26 -77
1 -12
-15 -20
-74 92
-86 -62
82 -60
-70 -36
-6 -33
-46 29
58 -21
56 58
3 52
67 55
-20 -90
-68 10
-40 81
14 61
-68 19
62 -42
98 42
-99 13
-24 25
89 91
-87 -4
28 72
85 -50
-52 -37
-70 76
-29 -26
-52 -28
32 -47
-39 -89
-86 77
-62 44
24 -42
89 -62
-2 67
72 16
-19 -4
-11 9
-18 -39
47 -59
67 -44
-50 36
13 -15
25 39
55 -46
-21 81
-86 -67
20 91
10 68
-68 -22
-61 35
37 40
14 38
60 -84
13 70
-45 -39
-68 5
-22 -28
3 56
