100 100 10000
-100 100
-100 99
-100 98
-100 97
-100 96
-100 95
-100 94
-100 93
-100 92
-100 91
-100 90
-100 89
-100 88
-100 87
-100 86
-100 85
-100 84
-100 83
-100 82
-100 81
-100 80
-100 79
-100 78
-100 77
-100 76
-100 75
-100 74
-100 73
-100 72
-100 71
-100 70
-100 69
-100 68
-100 67
-100 66
-100 65
-100 64
-100 63
-100 62
-100 61
-100 60
-100 59
-100 58
-100 57
-100 56
-100 55
-100 54
-100 53
-100 52
-100 51
-100 50
-100 49
-100 48
-100 47
-100 46
-100 45
-100 44
-100 43
-100 42
-100 41
-100 40
-100 39
-100 38
-100 37
-100 36
-100 35
-100 34
-100 33
-100 32
-100 31
-100 30
-100 29
-100 28
-100 27
-100 26
-100 25
-100 24
-100 23
-100 22
-100 21
-100 20
-100 19
-100 18
-100 17
-100 16
-100 15
-100 14
-100 13
-100 12
-100 11
-100 10
-100 9
-100 8
-100 7
-100 6
-100 5
-100 4
-100 3
-100 2
-100 1
-100 0
-100 -1
-100 -2
-100 -3
-100 -4
-100 -5
-100 -6
-100 -7
-100 -8
-100 -9
-100 -10
-100 -11
-100 -12
-100 -13
-100 -14
-100 -15
-100 -16
-100 -17
-100 -18
-100 -19
-100 -20
-100 -21
-100 -22
-100 -23
-100 -24
-100 -25
-100 -26
-100 -27
-100 -28
-100 -29
-100 -30
-100 -31
-100 -32
-100 -33
-100 -34
-100 -35
-100 -36
-100 -37
-100 -38
-100 -39
-100 -40
-100 -41
-100 -42
-100 -43
-100 -44
-100 -45
-100 -46
-100 -47
-100 -48
-100 -49
-100 -50
-100 -51
-100 -52
-100 -53
-100 -54
-100 -55
-100 -56
-100 -57
-100 -58
-100 -59
-100 -60
-100 -61
-100 -62
-100 -63
-100 -64
-100 -65
-100 -66
-100 -67
-100 -68
-100 -69
-100 -70
-100 -71
-100 -72
-100 -73
-100 -74
-100 -75
-100 -76
-100 -77
-100 -78
-100 -79
-100 -80
-100 -81
-100 -82
-100 -83
-100 -84
-100 -85
-100 -86
-100 -87
-100 -88
-100 -89
-100 -90
-100 -91
-100 -92
-100 -93
-100 -94
-100 -95
-100 -96
-100 -97
-100 -98
-100 -99
-99 100
-99 99
-99 98
-99 97
-99 96
-99 95
-99 94
-99 93
-99 92
-99 91
-99 90
-99 89
-99 88
-99 87
-99 86
-99 85
-99 84
-99 83
-99 82
-99 81
-99 80
-99 79
-99 78
-99 77
-99 76
-99 75
-99 74
-99 73
-99 72
-99 71
-99 70
-99 69
-99 68
-99 67
-99 66
-99 65
-99 64
-99 63
-99 62
-99 61
-99 60
-99 59
-99 58
-99 57
-99 56
-99 55
-99 54
-99 53
-99 52
-99 51
-99 50
-99 49
-99 48
-99 47
-99 46
-99 45
-99 44
-99 43
-99 42
-99 41
-99 40
-99 39
-99 38
-99 37
-99 36
-99 35
-99 34
-99 33
-99 32
-99 31
-99 30
-99 29
-99 28
-99 27
-99 26
-99 25
-99 24
-99 23
-99 22
-99 21
-99 20
-99 19
-99 18
-99 17
-99 16
-99 15
-99 14
-99 13
-99 12
-99 11
-99 10
-99 9
-99 8
-99 7
-99 6
-99 5
-99 4
-99 3
-99 2
-99 1
-99 0
-99 -1
-99 -2
-99 -3
-99 -4
-99 -5
-99 -6
-99 -7
-99 -8
-99 -9
-99 -10
-99 -11
-99 -12
-99 -13
-99 -14
-99 -15
-99 -16
-99 -17
-99 -18
-99 -19
-99 -20
-99 -21
-99 -22
-99 -23
-99 -24
-99 -25
-99 -26
-99 -27
-99 -28
-99 -29
-99 -30
-99 -31
-99 -32
-99 -33
-99 -34
-99 -35
-99 -36
-99 -37
-99 -38
-99 -39
-99 -40
-99 -41
-99 -42
-99 -43
-99 -44
-99 -45
-99 -46
-99 -47
-99 -48
-99 -49
-99 -50
-99 -51
-99 -52
-99 -53
-99 -54
-99 -55
-99 -56
-99 -57
-99 -58
-99 -59
-99 -60
-99 -61
-99 -62
-99 -63
-99 -64
-99 -65
-99 -66
-99 -67
-99 -68
-99 -69
-99 -70
-99 -71
-99 -72
-99 -73
-99 -74
-99 -75
-99 -76
-99 -77
-99 -78
-99 -79
-99 -80
-99 -81
-99 -82
-99 -83
-99 -84
-99 -85
-99 -86
-99 -87
-99 -88
-99 -89
-99 -90
-99 -91
-99 -92
-99 -93
-99 -94
-99 -95
-99 -96
-99 -97
-99 -98
-99 -99
-98 100
-98 99
-98 98
-98 97
-98 96
-98 95
-98 94
-98 93
-98 92
-98 91
-98 90
-98 89
-98 88
-98 87
-98 86
-98 85
-98 84
-98 83
-98 82
-98 81
-98 80
-98 79
-98 78
-98 77
-98 76
-98 75
-98 74
-98 73
-98 72
-98 71
-98 70
-98 69
-98 68
-98 67
-98 66
-98 65
-98 64
-98 63
-98 62
-98 61
-98 60
-98 59
-98 58
-98 57
-98 56
-98 55
-98 54
-98 53
-98 52
-98 51
-98 50
-98 49
-98 48
-98 47
-98 46
-98 45
-98 44
-98 43
-98 42
-98 41
-98 40
-98 39
-98 38
-98 37
-98 36
-98 35
-98 34
-98 33
-98 32
-98 31
-98 30
-98 29
-98 28
-98 27
-98 26
-98 25
-98 24
-98 23
-98 22
-98 21
-98 20
-98 19
-98 18
-98 17
-98 16
-98 15
-98 14
-98 13
-98 12
-98 11
-98 10
-98 9
-98 8
-98 7
-98 6
-98 5
-98 4
-98 3
-98 2
-98 1
-98 0
-98 -1
-98 -2
-98 -3
-98 -4
-98 -5
-98 -6
-98 -7
-98 -8
-98 -9
-98 -10
-98 -11
-98 -12
-98 -13
-98 -14
-98 -15
-98 -16
-98 -17
-98 -18
-98 -19
-98 -20
-98 -21
-98 -22
-98 -23
-98 -24
-98 -25
-98 -26
-98 -27
-98 -28
-98 -29
-98 -30
-98 -31
-98 -32
-98 -33
-98 -34
-98 -35
-98 -36
-98 -37
-98 -38
-98 -39
-98 -40
-98 -41
-98 -42
-98 -43
-98 -44
-98 -45
-98 -46
-98 -47
-98 -48
-98 -49
-98 -50
-98 -51
-98 -52
-98 -53
-98 -54
-98 -55
-98 -56
-98 -57
-98 -58
-98 -59
-98 -60
-98 -61
-98 -62
-98 -63
-98 -64
-98 -65
-98 -66
-98 -67
-98 -68
-98 -69
-98 -70
-98 -71
-98 -72
-98 -73
-98 -74
-98 -75
-98 -76
-98 -77
-98 -78
-98 -79
-98 -80
-98 -81
-98 -82
-98 -83
-98 -84
-98 -85
-98 -86
-98 -87
-98 -88
-98 -89
-98 -90
-98 -91
-98 -92
-98 -93
-98 -94
-98 -95
-98 -96
-98 -97
-98 -98
-98 -99
-97 100
-97 99
-97 98
-97 97
-97 96
-97 95
-97 94
-97 93
-97 92
-97 91
-97 90
-97 89
-97 88
-97 87
-97 86
-97 85
-97 84
-97 83
-97 82
-97 81
-97 80
-97 79
-97 78
-97 77
-97 76
-97 75
-97 74
-97 73
-97 72
-97 71
-97 70
-97 69
-97 68
-97 67
-97 66
-97 65
-97 64
-97 63
-97 62
-97 61
-97 60
-97 59
-97 58
-97 57
-97 56
-97 55
-97 54
-97 53
-97 52
-97 51
-97 50
-97 49
-97 48
-97 47
-97 46
-97 45
-97 44
-97 43
-97 42
-97 41
-97 40
-97 39
-97 38
-97 37
-97 36
-97 35
-97 34
-97 33
-97 32
-97 31
-97 30
-97 29
-97 28
-97 27
-97 26
-97 25
-97 24
-97 23
-97 22
-97 21
-97 20
-97 19
-97 18
-97 17
-97 16
-97 15
-97 14
-97 13
-97 12
-97 11
-97 10
-97 9
-97 8
-97 7
-97 6
-97 5
-97 4
-97 3
-97 2
-97 1
-97 0
-97 -1
-97 -2
-97 -3
-97 -4
-97 -5
-97 -6
-97 -7
-97 -8
-97 -9
-97 -10
-97 -11
-97 -12
-97 -13
-97 -14
-97 -15
-97 -16
-97 -17
-97 -18
-97 -19
-97 -20
-97 -21
-97 -22
-97 -23
-97 -24
-97 -25
-97 -26
-97 -27
-97 -28
-97 -29
-97 -30
-97 -31
-97 -32
-97 -33
-97 -34
-97 -35
-97 -36
-97 -37
-97 -38
-97 -39
-97 -40
-97 -41
-97 -42
-97 -43
-97 -44
-97 -45
-97 -46
-97 -47
-97 -48
-97 -49
-97 -50
-97 -51
-97 -52
-97 -53
-97 -54
-97 -55
-97 -56
-97 -57
-97 -58
-97 -59
-97 -60
-97 -61
-97 -62
-97 -63
-97 -64
-97 -65
-97 -66
-97 -67
-97 -68
-97 -69
-97 -70
-97 -71
-97 -72
-97 -73
-97 -74
-97 -75
-97 -76
-97 -77
-97 -78
-97 -79
-97 -80
-97 -81
-97 -82
-97 -83
-97 -84
-97 -85
-97 -86
-97 -87
-97 -88
-97 -89
-97 -90
-97 -91
-97 -92
-97 -93
-97 -94
-97 -95
-97 -96
-97 -97
-97 -98
-97 -99
-96 100
-96 99
-96 98
-96 97
-96 96
-96 95
-96 94
-96 93
-96 92
-96 91
-96 90
-96 89
-96 88
-96 87
-96 86
-96 85
-96 84
-96 83
-96 82
-96 81
-96 80
-96 79
-96 78
-96 77
-96 76
-96 75
-96 74
-96 73
-96 72
-96 71
-96 70
-96 69
-96 68
-96 67
-96 66
-96 65
-96 64
-96 63
-96 62
-96 61
-96 60
-96 59
-96 58
-96 57
-96 56
-96 55
-96 54
-96 53
-96 52
-96 51
-96 50
-96 49
-96 48
-96 47
-96 46
-96 45
-96 44
-96 43
-96 42
-96 41
-96 40
-96 39
-96 38
-96 37
-96 36
-96 35
-96 34
-96 33
-96 32
-96 31
-96 30
-96 29
-96 28
-96 27
-96 26
-96 25
-96 24
-96 23
-96 22
-96 21
-96 20
-96 19
-96 18
-96 17
-96 16
-96 15
-96 14
-96 13
-96 12
-96 11
-96 10
-96 9
-96 8
-96 7
-96 6
-96 5
-96 4
-96 3
-96 2
-96 1
-96 0
-96 -1
-96 -2
-96 -3
-96 -4
-96 -5
-96 -6
-96 -7
-96 -8
-96 -9
-96 -10
-96 -11
-96 -12
-96 -13
-96 -14
-96 -15
-96 -16
-96 -17
-96 -18
-96 -19
-96 -20
-96 -21
-96 -22
-96 -23
-96 -24
-96 -25
-96 -26
-96 -27
-96 -28
-96 -29
-96 -30
-96 -31
-96 -32
-96 -33
-96 -34
-96 -35
-96 -36
-96 -37
-96 -38
-96 -39
-96 -40
-96 -41
-96 -42
-96 -43
-96 -44
-96 -45
-96 -46
-96 -47
-96 -48
-96 -49
-96 -50
-96 -51
-96 -52
-96 -53
-96 -54
-96 -55
-96 -56
-96 -57
-96 -58
-96 -59
-96 -60
-96 -61
-96 -62
-96 -63
-96 -64
-96 -65
-96 -66
-96 -67
-96 -68
-96 -69
-96 -70
-96 -71
-96 -72
-96 -73
-96 -74
-96 -75
-96 -76
-96 -77
-96 -78
-96 -79
-96 -80
-96 -81
-96 -82
-96 -83
-96 -84
-96 -85
-96 -86
-96 -87
-96 -88
-96 -89
-96 -90
-96 -91
-96 -92
-96 -93
-96 -94
-96 -95
-96 -96
-96 -97
-96 -98
-96 -99
-95 100
-95 99
-95 98
-95 97
-95 96
-95 95
-95 94
-95 93
-95 92
-95 91
-95 90
-95 89
-95 88
-95 87
-95 86
-95 85
-95 84
-95 83
-95 82
-95 81
-95 80
-95 79
-95 78
-95 77
-95 76
-95 75
-95 74
-95 73
-95 72
-95 71
-95 70
-95 69
-95 68
-95 67
-95 66
-95 65
-95 64
-95 63
-95 62
-95 61
-95 60
-95 59
-95 58
-95 57
-95 56
-95 55
-95 54
-95 53
-95 52
-95 51
-95 50
-95 49
-95 48
-95 47
-95 46
-95 45
-95 44
-95 43
-95 42
-95 41
-95 40
-95 39
-95 38
-95 37
-95 36
-95 35
-95 34
-95 33
-95 32
-95 31
-95 30
-95 29
-95 28
-95 27
-95 26
-95 25
-95 24
-95 23
-95 22
-95 21
-95 20
-95 19
-95 18
-95 17
-95 16
-95 15
-95 14
-95 13
-95 12
-95 11
-95 10
-95 9
-95 8
-95 7
-95 6
-95 5
-95 4
-95 3
-95 2
-95 1
-95 0
-95 -1
-95 -2
-95 -3
-95 -4
-95 -5
-95 -6
-95 -7
-95 -8
-95 -9
-95 -10
-95 -11
-95 -12
-95 -13
-95 -14
-95 -15
-95 -16
-95 -17
-95 -18
-95 -19
-95 -20
-95 -21
-95 -22
-95 -23
-95 -24
-95 -25
-95 -26
-95 -27
-95 -28
-95 -29
-95 -30
-95 -31
-95 -32
-95 -33
-95 -34
-95 -35
-95 -36
-95 -37
-95 -38
-95 -39
-95 -40
-95 -41
-95 -42
-95 -43
-95 -44
-95 -45
-95 -46
-95 -47
-95 -48
-95 -49
-95 -50
-95 -51
-95 -52
-95 -53
-95 -54
-95 -55
-95 -56
-95 -57
-95 -58
-95 -59
-95 -60
-95 -61
-95 -62
-95 -63
-95 -64
-95 -65
-95 -66
-95 -67
-95 -68
-95 -69
-95 -70
-95 -71
-95 -72
-95 -73
-95 -74
-95 -75
-95 -76
-95 -77
-95 -78
-95 -79
-95 -80
-95 -81
-95 -82
-95 -83
-95 -84
-95 -85
-95 -86
-95 -87
-95 -88
-95 -89
-95 -90
-95 -91
-95 -92
-95 -93
-95 -94
-95 -95
-95 -96
-95 -97
-95 -98
-95 -99
-94 100
-94 99
-94 98
-94 97
-94 96
-94 95
-94 94
-94 93
-94 92
-94 91
-94 90
-94 89
-94 88
-94 87
-94 86
-94 85
-94 84
-94 83
-94 82
-94 81
-94 80
-94 79
-94 78
-94 77
-94 76
-94 75
-94 74
-94 73
-94 72
-94 71
-94 70
-94 69
-94 68
-94 67
-94 66
-94 65
-94 64
-94 63
-94 62
-94 61
-94 60
-94 59
-94 58
-94 57
-94 56
-94 55
-94 54
-94 53
-94 52
-94 51
-94 50
-94 49
-94 48
-94 47
-94 46
-94 45
-94 44
-94 43
-94 42
-94 41
-94 40
-94 39
-94 38
-94 37
-94 36
-94 35
-94 34
-94 33
-94 32
-94 31
-94 30
-94 29
-94 28
-94 27
-94 26
-94 25
-94 24
-94 23
-94 22
-94 21
-94 20
-94 19
-94 18
-94 17
-94 16
-94 15
-94 14
-94 13
-94 12
-94 11
-94 10
-94 9
-94 8
-94 7
-94 6
-94 5
-94 4
-94 3
-94 2
-94 1
-94 0
-94 -1
-94 -2
-94 -3
-94 -4
-94 -5
-94 -6
-94 -7
-94 -8
-94 -9
-94 -10
-94 -11
-94 -12
-94 -13
-94 -14
-94 -15
-94 -16
-94 -17
-94 -18
-94 -19
-94 -20
-94 -21
-94 -22
-94 -23
-94 -24
-94 -25
-94 -26
-94 -27
-94 -28
-94 -29
-94 -30
-94 -31
-94 -32
-94 -33
-94 -34
-94 -35
-94 -36
-94 -37
-94 -38
-94 -39
-94 -40
-94 -41
-94 -42
-94 -43
-94 -44
-94 -45
-94 -46
-94 -47
-94 -48
-94 -49
-94 -50
-94 -51
-94 -52
-94 -53
-94 -54
-94 -55
-94 -56
-94 -57
-94 -58
-94 -59
-94 -60
-94 -61
-94 -62
-94 -63
-94 -64
-94 -65
-94 -66
-94 -67
-94 -68
-94 -69
-94 -70
-94 -71
-94 -72
-94 -73
-94 -74
-94 -75
-94 -76
-94 -77
-94 -78
-94 -79
-94 -80
-94 -81
-94 -82
-94 -83
-94 -84
-94 -85
-94 -86
-94 -87
-94 -88
-94 -89
-94 -90
-94 -91
-94 -92
-94 -93
-94 -94
-94 -95
-94 -96
-94 -97
-94 -98
-94 -99
-93 100
-93 99
-93 98
-93 97
-93 96
-93 95
-93 94
-93 93
-93 92
-93 91
-93 90
-93 89
-93 88
-93 87
-93 86
-93 85
-93 84
-93 83
-93 82
-93 81
-93 80
-93 79
-93 78
-93 77
-93 76
-93 75
-93 74
-93 73
-93 72
-93 71
-93 70
-93 69
-93 68
-93 67
-93 66
-93 65
-93 64
-93 63
-93 62
-93 61
-93 60
-93 59
-93 58
-93 57
-93 56
-93 55
-93 54
-93 53
-93 52
-93 51
-93 50
-93 49
-93 48
-93 47
-93 46
-93 45
-93 44
-93 43
-93 42
-93 41
-93 40
-93 39
-93 38
-93 37
-93 36
-93 35
-93 34
-93 33
-93 32
-93 31
-93 30
-93 29
-93 28
-93 27
-93 26
-93 25
-93 24
-93 23
-93 22
-93 21
-93 20
-93 19
-93 18
-93 17
-93 16
-93 15
-93 14
-93 13
-93 12
-93 11
-93 10
-93 9
-93 8
-93 7
-93 6
-93 5
-93 4
-93 3
-93 2
-93 1
-93 0
-93 -1
-93 -2
-93 -3
-93 -4
-93 -5
-93 -6
-93 -7
-93 -8
-93 -9
-93 -10
-93 -11
-93 -12
-93 -13
-93 -14
-93 -15
-93 -16
-93 -17
-93 -18
-93 -19
-93 -20
-93 -21
-93 -22
-93 -23
-93 -24
-93 -25
-93 -26
-93 -27
-93 -28
-93 -29
-93 -30
-93 -31
-93 -32
-93 -33
-93 -34
-93 -35
-93 -36
-93 -37
-93 -38
-93 -39
-93 -40
-93 -41
-93 -42
-93 -43
-93 -44
-93 -45
-93 -46
-93 -47
-93 -48
-93 -49
-93 -50
-93 -51
-93 -52
-93 -53
-93 -54
-93 -55
-93 -56
-93 -57
-93 -58
-93 -59
-93 -60
-93 -61
-93 -62
-93 -63
-93 -64
-93 -65
-93 -66
-93 -67
-93 -68
-93 -69
-93 -70
-93 -71
-93 -72
-93 -73
-93 -74
-93 -75
-93 -76
-93 -77
-93 -78
-93 -79
-93 -80
-93 -81
-93 -82
-93 -83
-93 -84
-93 -85
-93 -86
-93 -87
-93 -88
-93 -89
-93 -90
-93 -91
-93 -92
-93 -93
-93 -94
-93 -95
-93 -96
-93 -97
-93 -98
-93 -99
-92 100
-92 99
-92 98
-92 97
-92 96
-92 95
-92 94
-92 93
-92 92
-92 91
-92 90
-92 89
-92 88
-92 87
-92 86
-92 85
-92 84
-92 83
-92 82
-92 81
-92 80
-92 79
-92 78
-92 77
-92 76
-92 75
-92 74
-92 73
-92 72
-92 71
-92 70
-92 69
-92 68
-92 67
-92 66
-92 65
-92 64
-92 63
-92 62
-92 61
-92 60
-92 59
-92 58
-92 57
-92 56
-92 55
-92 54
-92 53
-92 52
-92 51
-92 50
-92 49
-92 48
-92 47
-92 46
-92 45
-92 44
-92 43
-92 42
-92 41
-92 40
-92 39
-92 38
-92 37
-92 36
-92 35
-92 34
-92 33
-92 32
-92 31
-92 30
-92 29
-92 28
-92 27
-92 26
-92 25
-92 24
-92 23
-92 22
-92 21
-92 20
-92 19
-92 18
-92 17
-92 16
-92 15
-92 14
-92 13
-92 12
-92 11
-92 10
-92 9
-92 8
-92 7
-92 6
-92 5
-92 4
-92 3
-92 2
-92 1
-92 0
-92 -1
-92 -2
-92 -3
-92 -4
-92 -5
-92 -6
-92 -7
-92 -8
-92 -9
-92 -10
-92 -11
-92 -12
-92 -13
-92 -14
-92 -15
-92 -16
-92 -17
-92 -18
-92 -19
-92 -20
-92 -21
-92 -22
-92 -23
-92 -24
-92 -25
-92 -26
-92 -27
-92 -28
-92 -29
-92 -30
-92 -31
-92 -32
-92 -33
-92 -34
-92 -35
-92 -36
-92 -37
-92 -38
-92 -39
-92 -40
-92 -41
-92 -42
-92 -43
-92 -44
-92 -45
-92 -46
-92 -47
-92 -48
-92 -49
-92 -50
-92 -51
-92 -52
-92 -53
-92 -54
-92 -55
-92 -56
-92 -57
-92 -58
-92 -59
-92 -60
-92 -61
-92 -62
-92 -63
-92 -64
-92 -65
-92 -66
-92 -67
-92 -68
-92 -69
-92 -70
-92 -71
-92 -72
-92 -73
-92 -74
-92 -75
-92 -76
-92 -77
-92 -78
-92 -79
-92 -80
-92 -81
-92 -82
-92 -83
-92 -84
-92 -85
-92 -86
-92 -87
-92 -88
-92 -89
-92 -90
-92 -91
-92 -92
-92 -93
-92 -94
-92 -95
-92 -96
-92 -97
-92 -98
-92 -99
-91 100
-91 99
-91 98
-91 97
-91 96
-91 95
-91 94
-91 93
-91 92
-91 91
-91 90
-91 89
-91 88
-91 87
-91 86
-91 85
-91 84
-91 83
-91 82
-91 81
-91 80
-91 79
-91 78
-91 77
-91 76
-91 75
-91 74
-91 73
-91 72
-91 71
-91 70
-91 69
-91 68
-91 67
-91 66
-91 65
-91 64
-91 63
-91 62
-91 61
-91 60
-91 59
-91 58
-91 57
-91 56
-91 55
-91 54
-91 53
-91 52
-91 51
-91 50
-91 49
-91 48
-91 47
-91 46
-91 45
-91 44
-91 43
-91 42
-91 41
-91 40
-91 39
-91 38
-91 37
-91 36
-91 35
-91 34
-91 33
-91 32
-91 31
-91 30
-91 29
-91 28
-91 27
-91 26
-91 25
-91 24
-91 23
-91 22
-91 21
-91 20
-91 19
-91 18
-91 17
-91 16
-91 15
-91 14
-91 13
-91 12
-91 11
-91 10
-91 9
-91 8
-91 7
-91 6
-91 5
-91 4
-91 3
-91 2
-91 1
-91 0
-91 -1
-91 -2
-91 -3
-91 -4
-91 -5
-91 -6
-91 -7
-91 -8
-91 -9
-91 -10
-91 -11
-91 -12
-91 -13
-91 -14
-91 -15
-91 -16
-91 -17
-91 -18
-91 -19
-91 -20
-91 -21
-91 -22
-91 -23
-91 -24
-91 -25
-91 -26
-91 -27
-91 -28
-91 -29
-91 -30
-91 -31
-91 -32
-91 -33
-91 -34
-91 -35
-91 -36
-91 -37
-91 -38
-91 -39
-91 -40
-91 -41
-91 -42
-91 -43
-91 -44
-91 -45
-91 -46
-91 -47
-91 -48
-91 -49
-91 -50
-91 -51
-91 -52
-91 -53
-91 -54
-91 -55
-91 -56
-91 -57
-91 -58
-91 -59
-91 -60
-91 -61
-91 -62
-91 -63
-91 -64
-91 -65
-91 -66
-91 -67
-91 -68
-91 -69
-91 -70
-91 -71
-91 -72
-91 -73
-91 -74
-91 -75
-91 -76
-91 -77
-91 -78
-91 -79
-91 -80
-91 -81
-91 -82
-91 -83
-91 -84
-91 -85
-91 -86
-91 -87
-91 -88
-91 -89
-91 -90
-91 -91
-91 -92
-91 -93
-91 -94
-91 -95
-91 -96
-91 -97
-91 -98
-91 -99
-90 100
-90 99
-90 98
-90 97
-90 96
-90 95
-90 94
-90 93
-90 92
-90 91
-90 90
-90 89
-90 88
-90 87
-90 86
-90 85
-90 84
-90 83
-90 82
-90 81
-90 80
-90 79
-90 78
-90 77
-90 76
-90 75
-90 74
-90 73
-90 72
-90 71
-90 70
-90 69
-90 68
-90 67
-90 66
-90 65
-90 64
-90 63
-90 62
-90 61
-90 60
-90 59
-90 58
-90 57
-90 56
-90 55
-90 54
-90 53
-90 52
-90 51
-90 50
-90 49
-90 48
-90 47
-90 46
-90 45
-90 44
-90 43
-90 42
-90 41
-90 40
-90 39
-90 38
-90 37
-90 36
-90 35
-90 34
-90 33
-90 32
-90 31
-90 30
-90 29
-90 28
-90 27
-90 26
-90 25
-90 24
-90 23
-90 22
-90 21
-90 20
-90 19
-90 18
-90 17
-90 16
-90 15
-90 14
-90 13
-90 12
-90 11
-90 10
-90 9
-90 8
-90 7
-90 6
-90 5
-90 4
-90 3
-90 2
-90 1
-90 0
-90 -1
-90 -2
-90 -3
-90 -4
-90 -5
-90 -6
-90 -7
-90 -8
-90 -9
-90 -10
-90 -11
-90 -12
-90 -13
-90 -14
-90 -15
-90 -16
-90 -17
-90 -18
-90 -19
-90 -20
-90 -21
-90 -22
-90 -23
-90 -24
-90 -25
-90 -26
-90 -27
-90 -28
-90 -29
-90 -30
-90 -31
-90 -32
-90 -33
-90 -34
-90 -35
-90 -36
-90 -37
-90 -38
-90 -39
-90 -40
-90 -41
-90 -42
-90 -43
-90 -44
-90 -45
-90 -46
-90 -47
-90 -48
-90 -49
-90 -50
-90 -51
-90 -52
-90 -53
-90 -54
-90 -55
-90 -56
-90 -57
-90 -58
-90 -59
-90 -60
-90 -61
-90 -62
-90 -63
-90 -64
-90 -65
-90 -66
-90 -67
-90 -68
-90 -69
-90 -70
-90 -71
-90 -72
-90 -73
-90 -74
-90 -75
-90 -76
-90 -77
-90 -78
-90 -79
-90 -80
-90 -81
-90 -82
-90 -83
-90 -84
-90 -85
-90 -86
-90 -87
-90 -88
-90 -89
-90 -90
-90 -91
-90 -92
-90 -93
-90 -94
-90 -95
-90 -96
-90 -97
-90 -98
-90 -99
-89 100
-89 99
-89 98
-89 97
-89 96
-89 95
-89 94
-89 93
-89 92
-89 91
-89 90
-89 89
-89 88
-89 87
-89 86
-89 85
-89 84
-89 83
-89 82
-89 81
-89 80
-89 79
-89 78
-89 77
-89 76
-89 75
-89 74
-89 73
-89 72
-89 71
-89 70
-89 69
-89 68
-89 67
-89 66
-89 65
-89 64
-89 63
-89 62
-89 61
-89 60
-89 59
-89 58
-89 57
-89 56
-89 55
-89 54
-89 53
-89 52
-89 51
-89 50
-89 49
-89 48
-89 47
-89 46
-89 45
-89 44
-89 43
-89 42
-89 41
-89 40
-89 39
-89 38
-89 37
-89 36
-89 35
-89 34
-89 33
-89 32
-89 31
-89 30
-89 29
-89 28
-89 27
-89 26
-89 25
-89 24
-89 23
-89 22
-89 21
-89 20
-89 19
-89 18
-89 17
-89 16
-89 15
-89 14
-89 13
-89 12
-89 11
-89 10
-89 9
-89 8
-89 7
-89 6
-89 5
-89 4
-89 3
-89 2
-89 1
-89 0
-89 -1
-89 -2
-89 -3
-89 -4
-89 -5
-89 -6
-89 -7
-89 -8
-89 -9
-89 -10
-89 -11
-89 -12
-89 -13
-89 -14
-89 -15
-89 -16
-89 -17
-89 -18
-89 -19
-89 -20
-89 -21
-89 -22
-89 -23
-89 -24
-89 -25
-89 -26
-89 -27
-89 -28
-89 -29
-89 -30
-89 -31
-89 -32
-89 -33
-89 -34
-89 -35
-89 -36
-89 -37
-89 -38
-89 -39
-89 -40
-89 -41
-89 -42
-89 -43
-89 -44
-89 -45
-89 -46
-89 -47
-89 -48
-89 -49
-89 -50
-89 -51
-89 -52
-89 -53
-89 -54
-89 -55
-89 -56
-89 -57
-89 -58
-89 -59
-89 -60
-89 -61
-89 -62
-89 -63
-89 -64
-89 -65
-89 -66
-89 -67
-89 -68
-89 -69
-89 -70
-89 -71
-89 -72
-89 -73
-89 -74
-89 -75
-89 -76
-89 -77
-89 -78
-89 -79
-89 -80
-89 -81
-89 -82
-89 -83
-89 -84
-89 -85
-89 -86
-89 -87
-89 -88
-89 -89
-89 -90
-89 -91
-89 -92
-89 -93
-89 -94
-89 -95
-89 -96
-89 -97
-89 -98
-89 -99
-88 100
-88 99
-88 98
-88 97
-88 96
-88 95
-88 94
-88 93
-88 92
-88 91
-88 90
-88 89
-88 88
-88 87
-88 86
-88 85
-88 84
-88 83
-88 82
-88 81
-88 80
-88 79
-88 78
-88 77
-88 76
-88 75
-88 74
-88 73
-88 72
-88 71
-88 70
-88 69
-88 68
-88 67
-88 66
-88 65
-88 64
-88 63
-88 62
-88 61
-88 60
-88 59
-88 58
-88 57
-88 56
-88 55
-88 54
-88 53
-88 52
-88 51
-88 50
-88 49
-88 48
-88 47
-88 46
-88 45
-88 44
-88 43
-88 42
-88 41
-88 40
-88 39
-88 38
-88 37
-88 36
-88 35
-88 34
-88 33
-88 32
-88 31
-88 30
-88 29
-88 28
-88 27
-88 26
-88 25
-88 24
-88 23
-88 22
-88 21
-88 20
-88 19
-88 18
-88 17
-88 16
-88 15
-88 14
-88 13
-88 12
-88 11
-88 10
-88 9
-88 8
-88 7
-88 6
-88 5
-88 4
-88 3
-88 2
-88 1
-88 0
-88 -1
-88 -2
-88 -3
-88 -4
-88 -5
-88 -6
-88 -7
-88 -8
-88 -9
-88 -10
-88 -11
-88 -12
-88 -13
-88 -14
-88 -15
-88 -16
-88 -17
-88 -18
-88 -19
-88 -20
-88 -21
-88 -22
-88 -23
-88 -24
-88 -25
-88 -26
-88 -27
-88 -28
-88 -29
-88 -30
-88 -31
-88 -32
-88 -33
-88 -34
-88 -35
-88 -36
-88 -37
-88 -38
-88 -39
-88 -40
-88 -41
-88 -42
-88 -43
-88 -44
-88 -45
-88 -46
-88 -47
-88 -48
-88 -49
-88 -50
-88 -51
-88 -52
-88 -53
-88 -54
-88 -55
-88 -56
-88 -57
-88 -58
-88 -59
-88 -60
-88 -61
-88 -62
-88 -63
-88 -64
-88 -65
-88 -66
-88 -67
-88 -68
-88 -69
-88 -70
-88 -71
-88 -72
-88 -73
-88 -74
-88 -75
-88 -76
-88 -77
-88 -78
-88 -79
-88 -80
-88 -81
-88 -82
-88 -83
-88 -84
-88 -85
-88 -86
-88 -87
-88 -88
-88 -89
-88 -90
-88 -91
-88 -92
-88 -93
-88 -94
-88 -95
-88 -96
-88 -97
-88 -98
-88 -99
-87 100
-87 99
-87 98
-87 97
-87 96
-87 95
-87 94
-87 93
-87 92
-87 91
-87 90
-87 89
-87 88
-87 87
-87 86
-87 85
-87 84
-87 83
-87 82
-87 81
-87 80
-87 79
-87 78
-87 77
-87 76
-87 75
-87 74
-87 73
-87 72
-87 71
-87 70
-87 69
-87 68
-87 67
-87 66
-87 65
-87 64
-87 63
-87 62
-87 61
-87 60
-87 59
-87 58
-87 57
-87 56
-87 55
-87 54
-87 53
-87 52
-87 51
-87 50
-87 49
-87 48
-87 47
-87 46
-87 45
-87 44
-87 43
-87 42
-87 41
-87 40
-87 39
-87 38
-87 37
-87 36
-87 35
-87 34
-87 33
-87 32
-87 31
-87 30
-87 29
-87 28
-87 27
-87 26
-87 25
-87 24
-87 23
-87 22
-87 21
-87 20
-87 19
-87 18
-87 17
-87 16
-87 15
-87 14
-87 13
-87 12
-87 11
-87 10
-87 9
-87 8
-87 7
-87 6
-87 5
-87 4
-87 3
-87 2
-87 1
-87 0
-87 -1
-87 -2
-87 -3
-87 -4
-87 -5
-87 -6
-87 -7
-87 -8
-87 -9
-87 -10
-87 -11
-87 -12
-87 -13
-87 -14
-87 -15
-87 -16
-87 -17
-87 -18
-87 -19
-87 -20
-87 -21
-87 -22
-87 -23
-87 -24
-87 -25
-87 -26
-87 -27
-87 -28
-87 -29
-87 -30
-87 -31
-87 -32
-87 -33
-87 -34
-87 -35
-87 -36
-87 -37
-87 -38
-87 -39
-87 -40
-87 -41
-87 -42
-87 -43
-87 -44
-87 -45
-87 -46
-87 -47
-87 -48
-87 -49
-87 -50
-87 -51
-87 -52
-87 -53
-87 -54
-87 -55
-87 -56
-87 -57
-87 -58
-87 -59
-87 -60
-87 -61
-87 -62
-87 -63
-87 -64
-87 -65
-87 -66
-87 -67
-87 -68
-87 -69
-87 -70
-87 -71
-87 -72
-87 -73
-87 -74
-87 -75
-87 -76
-87 -77
-87 -78
-87 -79
-87 -80
-87 -81
-87 -82
-87 -83
-87 -84
-87 -85
-87 -86
-87 -87
-87 -88
-87 -89
-87 -90
-87 -91
-87 -92
-87 -93
-87 -94
-87 -95
-87 -96
-87 -97
-87 -98
-87 -99
-86 100
-86 99
-86 98
-86 97
-86 96
-86 95
-86 94
-86 93
-86 92
-86 91
-86 90
-86 89
-86 88
-86 87
-86 86
-86 85
-86 84
-86 83
-86 82
-86 81
-86 80
-86 79
-86 78
-86 77
-86 76
-86 75
-86 74
-86 73
-86 72
-86 71
-86 70
-86 69
-86 68
-86 67
-86 66
-86 65
-86 64
-86 63
-86 62
-86 61
-86 60
-86 59
-86 58
-86 57
-86 56
-86 55
-86 54
-86 53
-86 52
-86 51
-86 50
-86 49
-86 48
-86 47
-86 46
-86 45
-86 44
-86 43
-86 42
-86 41
-86 40
-86 39
-86 38
-86 37
-86 36
-86 35
-86 34
-86 33
-86 32
-86 31
-86 30
-86 29
-86 28
-86 27
-86 26
-86 25
-86 24
-86 23
-86 22
-86 21
-86 20
-86 19
-86 18
-86 17
-86 16
-86 15
-86 14
-86 13
-86 12
-86 11
-86 10
-86 9
-86 8
-86 7
-86 6
-86 5
-86 4
-86 3
-86 2
-86 1
-86 0
-86 -1
-86 -2
-86 -3
-86 -4
-86 -5
-86 -6
-86 -7
-86 -8
-86 -9
-86 -10
-86 -11
-86 -12
-86 -13
-86 -14
-86 -15
-86 -16
-86 -17
-86 -18
-86 -19
-86 -20
-86 -21
-86 -22
-86 -23
-86 -24
-86 -25
-86 -26
-86 -27
-86 -28
-86 -29
-86 -30
-86 -31
-86 -32
-86 -33
-86 -34
-86 -35
-86 -36
-86 -37
-86 -38
-86 -39
-86 -40
-86 -41
-86 -42
-86 -43
-86 -44
-86 -45
-86 -46
-86 -47
-86 -48
-86 -49
-86 -50
-86 -51
-86 -52
-86 -53
-86 -54
-86 -55
-86 -56
-86 -57
-86 -58
-86 -59
-86 -60
-86 -61
-86 -62
-86 -63
-86 -64
-86 -65
-86 -66
-86 -67
-86 -68
-86 -69
-86 -70
-86 -71
-86 -72
-86 -73
-86 -74
-86 -75
-86 -76
-86 -77
-86 -78
-86 -79
-86 -80
-86 -81
-86 -82
-86 -83
-86 -84
-86 -85
-86 -86
-86 -87
-86 -88
-86 -89
-86 -90
-86 -91
-86 -92
-86 -93
-86 -94
-86 -95
-86 -96
-86 -97
-86 -98
-86 -99
-85 100
-85 99
-85 98
-85 97
-85 96
-85 95
-85 94
-85 93
-85 92
-85 91
-85 90
-85 89
-85 88
-85 87
-85 86
-85 85
-85 84
-85 83
-85 82
-85 81
-85 80
-85 79
-85 78
-85 77
-85 76
-85 75
-85 74
-85 73
-85 72
-85 71
-85 70
-85 69
-85 68
-85 67
-85 66
-85 65
-85 64
-85 63
-85 62
-85 61
-85 60
-85 59
-85 58
-85 57
-85 56
-85 55
-85 54
-85 53
-85 52
-85 51
-85 50
-85 49
-85 48
-85 47
-85 46
-85 45
-85 44
-85 43
-85 42
-85 41
-85 40
-85 39
-85 38
-85 37
-85 36
-85 35
-85 34
-85 33
-85 32
-85 31
-85 30
-85 29
-85 28
-85 27
-85 26
-85 25
-85 24
-85 23
-85 22
-85 21
-85 20
-85 19
-85 18
-85 17
-85 16
-85 15
-85 14
-85 13
-85 12
-85 11
-85 10
-85 9
-85 8
-85 7
-85 6
-85 5
-85 4
-85 3
-85 2
-85 1
-85 0
-85 -1
-85 -2
-85 -3
-85 -4
-85 -5
-85 -6
-85 -7
-85 -8
-85 -9
-85 -10
-85 -11
-85 -12
-85 -13
-85 -14
-85 -15
-85 -16
-85 -17
-85 -18
-85 -19
-85 -20
-85 -21
-85 -22
-85 -23
-85 -24
-85 -25
-85 -26
-85 -27
-85 -28
-85 -29
-85 -30
-85 -31
-85 -32
-85 -33
-85 -34
-85 -35
-85 -36
-85 -37
-85 -38
-85 -39
-85 -40
-85 -41
-85 -42
-85 -43
-85 -44
-85 -45
-85 -46
-85 -47
-85 -48
-85 -49
-85 -50
-85 -51
-85 -52
-85 -53
-85 -54
-85 -55
-85 -56
-85 -57
-85 -58
-85 -59
-85 -60
-85 -61
-85 -62
-85 -63
-85 -64
-85 -65
-85 -66
-85 -67
-85 -68
-85 -69
-85 -70
-85 -71
-85 -72
-85 -73
-85 -74
-85 -75
-85 -76
-85 -77
-85 -78
-85 -79
-85 -80
-85 -81
-85 -82
-85 -83
-85 -84
-85 -85
-85 -86
-85 -87
-85 -88
-85 -89
-85 -90
-85 -91
-85 -92
-85 -93
-85 -94
-85 -95
-85 -96
-85 -97
-85 -98
-85 -99
-84 100
-84 99
-84 98
-84 97
-84 96
-84 95
-84 94
-84 93
-84 92
-84 91
-84 90
-84 89
-84 88
-84 87
-84 86
-84 85
-84 84
-84 83
-84 82
-84 81
-84 80
-84 79
-84 78
-84 77
-84 76
-84 75
-84 74
-84 73
-84 72
-84 71
-84 70
-84 69
-84 68
-84 67
-84 66
-84 65
-84 64
-84 63
-84 62
-84 61
-84 60
-84 59
-84 58
-84 57
-84 56
-84 55
-84 54
-84 53
-84 52
-84 51
-84 50
-84 49
-84 48
-84 47
-84 46
-84 45
-84 44
-84 43
-84 42
-84 41
-84 40
-84 39
-84 38
-84 37
-84 36
-84 35
-84 34
-84 33
-84 32
-84 31
-84 30
-84 29
-84 28
-84 27
-84 26
-84 25
-84 24
-84 23
-84 22
-84 21
-84 20
-84 19
-84 18
-84 17
-84 16
-84 15
-84 14
-84 13
-84 12
-84 11
-84 10
-84 9
-84 8
-84 7
-84 6
-84 5
-84 4
-84 3
-84 2
-84 1
-84 0
-84 -1
-84 -2
-84 -3
-84 -4
-84 -5
-84 -6
-84 -7
-84 -8
-84 -9
-84 -10
-84 -11
-84 -12
-84 -13
-84 -14
-84 -15
-84 -16
-84 -17
-84 -18
-84 -19
-84 -20
-84 -21
-84 -22
-84 -23
-84 -24
-84 -25
-84 -26
-84 -27
-84 -28
-84 -29
-84 -30
-84 -31
-84 -32
-84 -33
-84 -34
-84 -35
-84 -36
-84 -37
-84 -38
-84 -39
-84 -40
-84 -41
-84 -42
-84 -43
-84 -44
-84 -45
-84 -46
-84 -47
-84 -48
-84 -49
-84 -50
-84 -51
-84 -52
-84 -53
-84 -54
-84 -55
-84 -56
-84 -57
-84 -58
-84 -59
-84 -60
-84 -61
-84 -62
-84 -63
-84 -64
-84 -65
-84 -66
-84 -67
-84 -68
-84 -69
-84 -70
-84 -71
-84 -72
-84 -73
-84 -74
-84 -75
-84 -76
-84 -77
-84 -78
-84 -79
-84 -80
-84 -81
-84 -82
-84 -83
-84 -84
-84 -85
-84 -86
-84 -87
-84 -88
-84 -89
-84 -90
-84 -91
-84 -92
-84 -93
-84 -94
-84 -95
-84 -96
-84 -97
-84 -98
-84 -99
-83 100
-83 99
-83 98
-83 97
-83 96
-83 95
-83 94
-83 93
-83 92
-83 91
-83 90
-83 89
-83 88
-83 87
-83 86
-83 85
-83 84
-83 83
-83 82
-83 81
-83 80
-83 79
-83 78
-83 77
-83 76
-83 75
-83 74
-83 73
-83 72
-83 71
-83 70
-83 69
-83 68
-83 67
-83 66
-83 65
-83 64
-83 63
-83 62
-83 61
-83 60
-83 59
-83 58
-83 57
-83 56
-83 55
-83 54
-83 53
-83 52
-83 51
-83 50
-83 49
-83 48
-83 47
-83 46
-83 45
-83 44
-83 43
-83 42
-83 41
-83 40
-83 39
-83 38
-83 37
-83 36
-83 35
-83 34
-83 33
-83 32
-83 31
-83 30
-83 29
-83 28
-83 27
-83 26
-83 25
-83 24
-83 23
-83 22
-83 21
-83 20
-83 19
-83 18
-83 17
-83 16
-83 15
-83 14
-83 13
-83 12
-83 11
-83 10
-83 9
-83 8
-83 7
-83 6
-83 5
-83 4
-83 3
-83 2
-83 1
-83 0
-83 -1
-83 -2
-83 -3
-83 -4
-83 -5
-83 -6
-83 -7
-83 -8
-83 -9
-83 -10
-83 -11
-83 -12
-83 -13
-83 -14
-83 -15
-83 -16
-83 -17
-83 -18
-83 -19
-83 -20
-83 -21
-83 -22
-83 -23
-83 -24
-83 -25
-83 -26
-83 -27
-83 -28
-83 -29
-83 -30
-83 -31
-83 -32
-83 -33
-83 -34
-83 -35
-83 -36
-83 -37
-83 -38
-83 -39
-83 -40
-83 -41
-83 -42
-83 -43
-83 -44
-83 -45
-83 -46
-83 -47
-83 -48
-83 -49
-83 -50
-83 -51
-83 -52
-83 -53
-83 -54
-83 -55
-83 -56
-83 -57
-83 -58
-83 -59
-83 -60
-83 -61
-83 -62
-83 -63
-83 -64
-83 -65
-83 -66
-83 -67
-83 -68
-83 -69
-83 -70
-83 -71
-83 -72
-83 -73
-83 -74
-83 -75
-83 -76
-83 -77
-83 -78
-83 -79
-83 -80
-83 -81
-83 -82
-83 -83
-83 -84
-83 -85
-83 -86
-83 -87
-83 -88
-83 -89
-83 -90
-83 -91
-83 -92
-83 -93
-83 -94
-83 -95
-83 -96
-83 -97
-83 -98
-83 -99
-82 100
-82 99
-82 98
-82 97
-82 96
-82 95
-82 94
-82 93
-82 92
-82 91
-82 90
-82 89
-82 88
-82 87
-82 86
-82 85
-82 84
-82 83
-82 82
-82 81
-82 80
-82 79
-82 78
-82 77
-82 76
-82 75
-82 74
-82 73
-82 72
-82 71
-82 70
-82 69
-82 68
-82 67
-82 66
-82 65
-82 64
-82 63
-82 62
-82 61
-82 60
-82 59
-82 58
-82 57
-82 56
-82 55
-82 54
-82 53
-82 52
-82 51
-82 50
-82 49
-82 48
-82 47
-82 46
-82 45
-82 44
-82 43
-82 42
-82 41
-82 40
-82 39
-82 38
-82 37
-82 36
-82 35
-82 34
-82 33
-82 32
-82 31
-82 30
-82 29
-82 28
-82 27
-82 26
-82 25
-82 24
-82 23
-82 22
-82 21
-82 20
-82 19
-82 18
-82 17
-82 16
-82 15
-82 14
-82 13
-82 12
-82 11
-82 10
-82 9
-82 8
-82 7
-82 6
-82 5
-82 4
-82 3
-82 2
-82 1
-82 0
-82 -1
-82 -2
-82 -3
-82 -4
-82 -5
-82 -6
-82 -7
-82 -8
-82 -9
-82 -10
-82 -11
-82 -12
-82 -13
-82 -14
-82 -15
-82 -16
-82 -17
-82 -18
-82 -19
-82 -20
-82 -21
-82 -22
-82 -23
-82 -24
-82 -25
-82 -26
-82 -27
-82 -28
-82 -29
-82 -30
-82 -31
-82 -32
-82 -33
-82 -34
-82 -35
-82 -36
-82 -37
-82 -38
-82 -39
-82 -40
-82 -41
-82 -42
-82 -43
-82 -44
-82 -45
-82 -46
-82 -47
-82 -48
-82 -49
-82 -50
-82 -51
-82 -52
-82 -53
-82 -54
-82 -55
-82 -56
-82 -57
-82 -58
-82 -59
-82 -60
-82 -61
-82 -62
-82 -63
-82 -64
-82 -65
-82 -66
-82 -67
-82 -68
-82 -69
-82 -70
-82 -71
-82 -72
-82 -73
-82 -74
-82 -75
-82 -76
-82 -77
-82 -78
-82 -79
-82 -80
-82 -81
-82 -82
-82 -83
-82 -84
-82 -85
-82 -86
-82 -87
-82 -88
-82 -89
-82 -90
-82 -91
-82 -92
-82 -93
-82 -94
-82 -95
-82 -96
-82 -97
-82 -98
-82 -99
-81 100
-81 99
-81 98
-81 97
-81 96
-81 95
-81 94
-81 93
-81 92
-81 91
-81 90
-81 89
-81 88
-81 87
-81 86
-81 85
-81 84
-81 83
-81 82
-81 81
-81 80
-81 79
-81 78
-81 77
-81 76
-81 75
-81 74
-81 73
-81 72
-81 71
-81 70
-81 69
-81 68
-81 67
-81 66
-81 65
-81 64
-81 63
-81 62
-81 61
-81 60
-81 59
-81 58
-81 57
-81 56
-81 55
-81 54
-81 53
-81 52
-81 51
-81 50
-81 49
-81 48
-81 47
-81 46
-81 45
-81 44
-81 43
-81 42
-81 41
-81 40
-81 39
-81 38
-81 37
-81 36
-81 35
-81 34
-81 33
-81 32
-81 31
-81 30
-81 29
-81 28
-81 27
-81 26
-81 25
-81 24
-81 23
-81 22
-81 21
-81 20
-81 19
-81 18
-81 17
-81 16
-81 15
-81 14
-81 13
-81 12
-81 11
-81 10
-81 9
-81 8
-81 7
-81 6
-81 5
-81 4
-81 3
-81 2
-81 1
-81 0
-81 -1
-81 -2
-81 -3
-81 -4
-81 -5
-81 -6
-81 -7
-81 -8
-81 -9
-81 -10
-81 -11
-81 -12
-81 -13
-81 -14
-81 -15
-81 -16
-81 -17
-81 -18
-81 -19
-81 -20
-81 -21
-81 -22
-81 -23
-81 -24
-81 -25
-81 -26
-81 -27
-81 -28
-81 -29
-81 -30
-81 -31
-81 -32
-81 -33
-81 -34
-81 -35
-81 -36
-81 -37
-81 -38
-81 -39
-81 -40
-81 -41
-81 -42
-81 -43
-81 -44
-81 -45
-81 -46
-81 -47
-81 -48
-81 -49
-81 -50
-81 -51
-81 -52
-81 -53
-81 -54
-81 -55
-81 -56
-81 -57
-81 -58
-81 -59
-81 -60
-81 -61
-81 -62
-81 -63
-81 -64
-81 -65
-81 -66
-81 -67
-81 -68
-81 -69
-81 -70
-81 -71
-81 -72
-81 -73
-81 -74
-81 -75
-81 -76
-81 -77
-81 -78
-81 -79
-81 -80
-81 -81
-81 -82
-81 -83
-81 -84
-81 -85
-81 -86
-81 -87
-81 -88
-81 -89
-81 -90
-81 -91
-81 -92
-81 -93
-81 -94
-81 -95
-81 -96
-81 -97
-81 -98
-81 -99
-80 100
-80 99
-80 98
-80 97
-80 96
-80 95
-80 94
-80 93
-80 92
-80 91
-80 90
-80 89
-80 88
-80 87
-80 86
-80 85
-80 84
-80 83
-80 82
-80 81
-80 80
-80 79
-80 78
-80 77
-80 76
-80 75
-80 74
-80 73
-80 72
-80 71
-80 70
-80 69
-80 68
-80 67
-80 66
-80 65
-80 64
-80 63
-80 62
-80 61
-80 60
-80 59
-80 58
-80 57
-80 56
-80 55
-80 54
-80 53
-80 52
-80 51
-80 50
-80 49
-80 48
-80 47
-80 46
-80 45
-80 44
-80 43
-80 42
-80 41
-80 40
-80 39
-80 38
-80 37
-80 36
-80 35
-80 34
-80 33
-80 32
-80 31
-80 30
-80 29
-80 28
-80 27
-80 26
-80 25
-80 24
-80 23
-80 22
-80 21
-80 20
-80 19
-80 18
-80 17
-80 16
-80 15
-80 14
-80 13
-80 12
-80 11
-80 10
-80 9
-80 8
-80 7
-80 6
-80 5
-80 4
-80 3
-80 2
-80 1
-80 0
-80 -1
-80 -2
-80 -3
-80 -4
-80 -5
-80 -6
-80 -7
-80 -8
-80 -9
-80 -10
-80 -11
-80 -12
-80 -13
-80 -14
-80 -15
-80 -16
-80 -17
-80 -18
-80 -19
-80 -20
-80 -21
-80 -22
-80 -23
-80 -24
-80 -25
-80 -26
-80 -27
-80 -28
-80 -29
-80 -30
-80 -31
-80 -32
-80 -33
-80 -34
-80 -35
-80 -36
-80 -37
-80 -38
-80 -39
-80 -40
-80 -41
-80 -42
-80 -43
-80 -44
-80 -45
-80 -46
-80 -47
-80 -48
-80 -49
-80 -50
-80 -51
-80 -52
-80 -53
-80 -54
-80 -55
-80 -56
-80 -57
-80 -58
-80 -59
-80 -60
-80 -61
-80 -62
-80 -63
-80 -64
-80 -65
-80 -66
-80 -67
-80 -68
-80 -69
-80 -70
-80 -71
-80 -72
-80 -73
-80 -74
-80 -75
-80 -76
-80 -77
-80 -78
-80 -79
-80 -80
-80 -81
-80 -82
-80 -83
-80 -84
-80 -85
-80 -86
-80 -87
-80 -88
-80 -89
-80 -90
-80 -91
-80 -92
-80 -93
-80 -94
-80 -95
-80 -96
-80 -97
-80 -98
-80 -99
-79 100
-79 99
-79 98
-79 97
-79 96
-79 95
-79 94
-79 93
-79 92
-79 91
-79 90
-79 89
-79 88
-79 87
-79 86
-79 85
-79 84
-79 83
-79 82
-79 81
-79 80
-79 79
-79 78
-79 77
-79 76
-79 75
-79 74
-79 73
-79 72
-79 71
-79 70
-79 69
-79 68
-79 67
-79 66
-79 65
-79 64
-79 63
-79 62
-79 61
-79 60
-79 59
-79 58
-79 57
-79 56
-79 55
-79 54
-79 53
-79 52
-79 51
-79 50
-79 49
-79 48
-79 47
-79 46
-79 45
-79 44
-79 43
-79 42
-79 41
-79 40
-79 39
-79 38
-79 37
-79 36
-79 35
-79 34
-79 33
-79 32
-79 31
-79 30
-79 29
-79 28
-79 27
-79 26
-79 25
-79 24
-79 23
-79 22
-79 21
-79 20
-79 19
-79 18
-79 17
-79 16
-79 15
-79 14
-79 13
-79 12
-79 11
-79 10
-79 9
-79 8
-79 7
-79 6
-79 5
-79 4
-79 3
-79 2
-79 1
-79 0
-79 -1
-79 -2
-79 -3
-79 -4
-79 -5
-79 -6
-79 -7
-79 -8
-79 -9
-79 -10
-79 -11
-79 -12
-79 -13
-79 -14
-79 -15
-79 -16
-79 -17
-79 -18
-79 -19
-79 -20
-79 -21
-79 -22
-79 -23
-79 -24
-79 -25
-79 -26
-79 -27
-79 -28
-79 -29
-79 -30
-79 -31
-79 -32
-79 -33
-79 -34
-79 -35
-79 -36
-79 -37
-79 -38
-79 -39
-79 -40
-79 -41
-79 -42
-79 -43
-79 -44
-79 -45
-79 -46
-79 -47
-79 -48
-79 -49
-79 -50
-79 -51
-79 -52
-79 -53
-79 -54
-79 -55
-79 -56
-79 -57
-79 -58
-79 -59
-79 -60
-79 -61
-79 -62
-79 -63
-79 -64
-79 -65
-79 -66
-79 -67
-79 -68
-79 -69
-79 -70
-79 -71
-79 -72
-79 -73
-79 -74
-79 -75
-79 -76
-79 -77
-79 -78
-79 -79
-79 -80
-79 -81
-79 -82
-79 -83
-79 -84
-79 -85
-79 -86
-79 -87
-79 -88
-79 -89
-79 -90
-79 -91
-79 -92
-79 -93
-79 -94
-79 -95
-79 -96
-79 -97
-79 -98
-79 -99
-78 100
-78 99
-78 98
-78 97
-78 96
-78 95
-78 94
-78 93
-78 92
-78 91
-78 90
-78 89
-78 88
-78 87
-78 86
-78 85
-78 84
-78 83
-78 82
-78 81
-78 80
-78 79
-78 78
-78 77
-78 76
-78 75
-78 74
-78 73
-78 72
-78 71
-78 70
-78 69
-78 68
-78 67
-78 66
-78 65
-78 64
-78 63
-78 62
-78 61
-78 60
-78 59
-78 58
-78 57
-78 56
-78 55
-78 54
-78 53
-78 52
-78 51
-78 50
-78 49
-78 48
-78 47
-78 46
-78 45
-78 44
-78 43
-78 42
-78 41
-78 40
-78 39
-78 38
-78 37
-78 36
-78 35
-78 34
-78 33
-78 32
-78 31
-78 30
-78 29
-78 28
-78 27
-78 26
-78 25
-78 24
-78 23
-78 22
-78 21
-78 20
-78 19
-78 18
-78 17
-78 16
-78 15
-78 14
-78 13
-78 12
-78 11
-78 10
-78 9
-78 8
-78 7
-78 6
-78 5
-78 4
-78 3
-78 2
-78 1
-78 0
-78 -1
-78 -2
-78 -3
-78 -4
-78 -5
-78 -6
-78 -7
-78 -8
-78 -9
-78 -10
-78 -11
-78 -12
-78 -13
-78 -14
-78 -15
-78 -16
-78 -17
-78 -18
-78 -19
-78 -20
-78 -21
-78 -22
-78 -23
-78 -24
-78 -25
-78 -26
-78 -27
-78 -28
-78 -29
-78 -30
-78 -31
-78 -32
-78 -33
-78 -34
-78 -35
-78 -36
-78 -37
-78 -38
-78 -39
-78 -40
-78 -41
-78 -42
-78 -43
-78 -44
-78 -45
-78 -46
-78 -47
-78 -48
-78 -49
-78 -50
-78 -51
-78 -52
-78 -53
-78 -54
-78 -55
-78 -56
-78 -57
-78 -58
-78 -59
-78 -60
-78 -61
-78 -62
-78 -63
-78 -64
-78 -65
-78 -66
-78 -67
-78 -68
-78 -69
-78 -70
-78 -71
-78 -72
-78 -73
-78 -74
-78 -75
-78 -76
-78 -77
-78 -78
-78 -79
-78 -80
-78 -81
-78 -82
-78 -83
-78 -84
-78 -85
-78 -86
-78 -87
-78 -88
-78 -89
-78 -90
-78 -91
-78 -92
-78 -93
-78 -94
-78 -95
-78 -96
-78 -97
-78 -98
-78 -99
-77 100
-77 99
-77 98
-77 97
-77 96
-77 95
-77 94
-77 93
-77 92
-77 91
-77 90
-77 89
-77 88
-77 87
-77 86
-77 85
-77 84
-77 83
-77 82
-77 81
-77 80
-77 79
-77 78
-77 77
-77 76
-77 75
-77 74
-77 73
-77 72
-77 71
-77 70
-77 69
-77 68
-77 67
-77 66
-77 65
-77 64
-77 63
-77 62
-77 61
-77 60
-77 59
-77 58
-77 57
-77 56
-77 55
-77 54
-77 53
-77 52
-77 51
-77 50
-77 49
-77 48
-77 47
-77 46
-77 45
-77 44
-77 43
-77 42
-77 41
-77 40
-77 39
-77 38
-77 37
-77 36
-77 35
-77 34
-77 33
-77 32
-77 31
-77 30
-77 29
-77 28
-77 27
-77 26
-77 25
-77 24
-77 23
-77 22
-77 21
-77 20
-77 19
-77 18
-77 17
-77 16
-77 15
-77 14
-77 13
-77 12
-77 11
-77 10
-77 9
-77 8
-77 7
-77 6
-77 5
-77 4
-77 3
-77 2
-77 1
-77 0
-77 -1
-77 -2
-77 -3
-77 -4
-77 -5
-77 -6
-77 -7
-77 -8
-77 -9
-77 -10
-77 -11
-77 -12
-77 -13
-77 -14
-77 -15
-77 -16
-77 -17
-77 -18
-77 -19
-77 -20
-77 -21
-77 -22
-77 -23
-77 -24
-77 -25
-77 -26
-77 -27
-77 -28
-77 -29
-77 -30
-77 -31
-77 -32
-77 -33
-77 -34
-77 -35
-77 -36
-77 -37
-77 -38
-77 -39
-77 -40
-77 -41
-77 -42
-77 -43
-77 -44
-77 -45
-77 -46
-77 -47
-77 -48
-77 -49
-77 -50
-77 -51
-77 -52
-77 -53
-77 -54
-77 -55
-77 -56
-77 -57
-77 -58
-77 -59
-77 -60
-77 -61
-77 -62
-77 -63
-77 -64
-77 -65
-77 -66
-77 -67
-77 -68
-77 -69
-77 -70
-77 -71
-77 -72
-77 -73
-77 -74
-77 -75
-77 -76
-77 -77
-77 -78
-77 -79
-77 -80
-77 -81
-77 -82
-77 -83
-77 -84
-77 -85
-77 -86
-77 -87
-77 -88
-77 -89
-77 -90
-77 -91
-77 -92
-77 -93
-77 -94
-77 -95
-77 -96
-77 -97
-77 -98
-77 -99
-76 100
-76 99
-76 98
-76 97
-76 96
-76 95
-76 94
-76 93
-76 92
-76 91
-76 90
-76 89
-76 88
-76 87
-76 86
-76 85
-76 84
-76 83
-76 82
-76 81
-76 80
-76 79
-76 78
-76 77
-76 76
-76 75
-76 74
-76 73
-76 72
-76 71
-76 70
-76 69
-76 68
-76 67
-76 66
-76 65
-76 64
-76 63
-76 62
-76 61
-76 60
-76 59
-76 58
-76 57
-76 56
-76 55
-76 54
-76 53
-76 52
-76 51
-76 50
-76 49
-76 48
-76 47
-76 46
-76 45
-76 44
-76 43
-76 42
-76 41
-76 40
-76 39
-76 38
-76 37
-76 36
-76 35
-76 34
-76 33
-76 32
-76 31
-76 30
-76 29
-76 28
-76 27
-76 26
-76 25
-76 24
-76 23
-76 22
-76 21
-76 20
-76 19
-76 18
-76 17
-76 16
-76 15
-76 14
-76 13
-76 12
-76 11
-76 10
-76 9
-76 8
-76 7
-76 6
-76 5
-76 4
-76 3
-76 2
-76 1
-76 0
-76 -1
-76 -2
-76 -3
-76 -4
-76 -5
-76 -6
-76 -7
-76 -8
-76 -9
-76 -10
-76 -11
-76 -12
-76 -13
-76 -14
-76 -15
-76 -16
-76 -17
-76 -18
-76 -19
-76 -20
-76 -21
-76 -22
-76 -23
-76 -24
-76 -25
-76 -26
-76 -27
-76 -28
-76 -29
-76 -30
-76 -31
-76 -32
-76 -33
-76 -34
-76 -35
-76 -36
-76 -37
-76 -38
-76 -39
-76 -40
-76 -41
-76 -42
-76 -43
-76 -44
-76 -45
-76 -46
-76 -47
-76 -48
-76 -49
-76 -50
-76 -51
-76 -52
-76 -53
-76 -54
-76 -55
-76 -56
-76 -57
-76 -58
-76 -59
-76 -60
-76 -61
-76 -62
-76 -63
-76 -64
-76 -65
-76 -66
-76 -67
-76 -68
-76 -69
-76 -70
-76 -71
-76 -72
-76 -73
-76 -74
-76 -75
-76 -76
-76 -77
-76 -78
-76 -79
-76 -80
-76 -81
-76 -82
-76 -83
-76 -84
-76 -85
-76 -86
-76 -87
-76 -88
-76 -89
-76 -90
-76 -91
-76 -92
-76 -93
-76 -94
-76 -95
-76 -96
-76 -97
-76 -98
-76 -99
-75 100
-75 99
-75 98
-75 97
-75 96
-75 95
-75 94
-75 93
-75 92
-75 91
-75 90
-75 89
-75 88
-75 87
-75 86
-75 85
-75 84
-75 83
-75 82
-75 81
-75 80
-75 79
-75 78
-75 77
-75 76
-75 75
-75 74
-75 73
-75 72
-75 71
-75 70
-75 69
-75 68
-75 67
-75 66
-75 65
-75 64
-75 63
-75 62
-75 61
-75 60
-75 59
-75 58
-75 57
-75 56
-75 55
-75 54
-75 53
-75 52
-75 51
-75 50
-75 49
-75 48
-75 47
-75 46
-75 45
-75 44
-75 43
-75 42
-75 41
-75 40
-75 39
-75 38
-75 37
-75 36
-75 35
-75 34
-75 33
-75 32
-75 31
-75 30
-75 29
-75 28
-75 27
-75 26
-75 25
-75 24
-75 23
-75 22
-75 21
-75 20
-75 19
-75 18
-75 17
-75 16
-75 15
-75 14
-75 13
-75 12
-75 11
-75 10
-75 9
-75 8
-75 7
-75 6
-75 5
-75 4
-75 3
-75 2
-75 1
-75 0
-75 -1
-75 -2
-75 -3
-75 -4
-75 -5
-75 -6
-75 -7
-75 -8
-75 -9
-75 -10
-75 -11
-75 -12
-75 -13
-75 -14
-75 -15
-75 -16
-75 -17
-75 -18
-75 -19
-75 -20
-75 -21
-75 -22
-75 -23
-75 -24
-75 -25
-75 -26
-75 -27
-75 -28
-75 -29
-75 -30
-75 -31
-75 -32
-75 -33
-75 -34
-75 -35
-75 -36
-75 -37
-75 -38
-75 -39
-75 -40
-75 -41
-75 -42
-75 -43
-75 -44
-75 -45
-75 -46
-75 -47
-75 -48
-75 -49
-75 -50
-75 -51
-75 -52
-75 -53
-75 -54
-75 -55
-75 -56
-75 -57
-75 -58
-75 -59
-75 -60
-75 -61
-75 -62
-75 -63
-75 -64
-75 -65
-75 -66
-75 -67
-75 -68
-75 -69
-75 -70
-75 -71
-75 -72
-75 -73
-75 -74
-75 -75
-75 -76
-75 -77
-75 -78
-75 -79
-75 -80
-75 -81
-75 -82
-75 -83
-75 -84
-75 -85
-75 -86
-75 -87
-75 -88
-75 -89
-75 -90
-75 -91
-75 -92
-75 -93
-75 -94
-75 -95
-75 -96
-75 -97
-75 -98
-75 -99
-74 100
-74 99
-74 98
-74 97
-74 96
-74 95
-74 94
-74 93
-74 92
-74 91
-74 90
-74 89
-74 88
-74 87
-74 86
-74 85
-74 84
-74 83
-74 82
-74 81
-74 80
-74 79
-74 78
-74 77
-74 76
-74 75
-74 74
-74 73
-74 72
-74 71
-74 70
-74 69
-74 68
-74 67
-74 66
-74 65
-74 64
-74 63
-74 62
-74 61
-74 60
-74 59
-74 58
-74 57
-74 56
-74 55
-74 54
-74 53
-74 52
-74 51
-74 50
-74 49
-74 48
-74 47
-74 46
-74 45
-74 44
-74 43
-74 42
-74 41
-74 40
-74 39
-74 38
-74 37
-74 36
-74 35
-74 34
-74 33
-74 32
-74 31
-74 30
-74 29
-74 28
-74 27
-74 26
-74 25
-74 24
-74 23
-74 22
-74 21
-74 20
-74 19
-74 18
-74 17
-74 16
-74 15
-74 14
-74 13
-74 12
-74 11
-74 10
-74 9
-74 8
-74 7
-74 6
-74 5
-74 4
-74 3
-74 2
-74 1
-74 0
-74 -1
-74 -2
-74 -3
-74 -4
-74 -5
-74 -6
-74 -7
-74 -8
-74 -9
-74 -10
-74 -11
-74 -12
-74 -13
-74 -14
-74 -15
-74 -16
-74 -17
-74 -18
-74 -19
-74 -20
-74 -21
-74 -22
-74 -23
-74 -24
-74 -25
-74 -26
-74 -27
-74 -28
-74 -29
-74 -30
-74 -31
-74 -32
-74 -33
-74 -34
-74 -35
-74 -36
-74 -37
-74 -38
-74 -39
-74 -40
-74 -41
-74 -42
-74 -43
-74 -44
-74 -45
-74 -46
-74 -47
-74 -48
-74 -49
-74 -50
-74 -51
-74 -52
-74 -53
-74 -54
-74 -55
-74 -56
-74 -57
-74 -58
-74 -59
-74 -60
-74 -61
-74 -62
-74 -63
-74 -64
-74 -65
-74 -66
-74 -67
-74 -68
-74 -69
-74 -70
-74 -71
-74 -72
-74 -73
-74 -74
-74 -75
-74 -76
-74 -77
-74 -78
-74 -79
-74 -80
-74 -81
-74 -82
-74 -83
-74 -84
-74 -85
-74 -86
-74 -87
-74 -88
-74 -89
-74 -90
-74 -91
-74 -92
-74 -93
-74 -94
-74 -95
-74 -96
-74 -97
-74 -98
-74 -99
-73 100
-73 99
-73 98
-73 97
-73 96
-73 95
-73 94
-73 93
-73 92
-73 91
-73 90
-73 89
-73 88
-73 87
-73 86
-73 85
-73 84
-73 83
-73 82
-73 81
-73 80
-73 79
-73 78
-73 77
-73 76
-73 75
-73 74
-73 73
-73 72
-73 71
-73 70
-73 69
-73 68
-73 67
-73 66
-73 65
-73 64
-73 63
-73 62
-73 61
-73 60
-73 59
-73 58
-73 57
-73 56
-73 55
-73 54
-73 53
-73 52
-73 51
-73 50
-73 49
-73 48
-73 47
-73 46
-73 45
-73 44
-73 43
-73 42
-73 41
-73 40
-73 39
-73 38
-73 37
-73 36
-73 35
-73 34
-73 33
-73 32
-73 31
-73 30
-73 29
-73 28
-73 27
-73 26
-73 25
-73 24
-73 23
-73 22
-73 21
-73 20
-73 19
-73 18
-73 17
-73 16
-73 15
-73 14
-73 13
-73 12
-73 11
-73 10
-73 9
-73 8
-73 7
-73 6
-73 5
-73 4
-73 3
-73 2
-73 1
-73 0
-73 -1
-73 -2
-73 -3
-73 -4
-73 -5
-73 -6
-73 -7
-73 -8
-73 -9
-73 -10
-73 -11
-73 -12
-73 -13
-73 -14
-73 -15
-73 -16
-73 -17
-73 -18
-73 -19
-73 -20
-73 -21
-73 -22
-73 -23
-73 -24
-73 -25
-73 -26
-73 -27
-73 -28
-73 -29
-73 -30
-73 -31
-73 -32
-73 -33
-73 -34
-73 -35
-73 -36
-73 -37
-73 -38
-73 -39
-73 -40
-73 -41
-73 -42
-73 -43
-73 -44
-73 -45
-73 -46
-73 -47
-73 -48
-73 -49
-73 -50
-73 -51
-73 -52
-73 -53
-73 -54
-73 -55
-73 -56
-73 -57
-73 -58
-73 -59
-73 -60
-73 -61
-73 -62
-73 -63
-73 -64
-73 -65
-73 -66
-73 -67
-73 -68
-73 -69
-73 -70
-73 -71
-73 -72
-73 -73
-73 -74
-73 -75
-73 -76
-73 -77
-73 -78
-73 -79
-73 -80
-73 -81
-73 -82
-73 -83
-73 -84
-73 -85
-73 -86
-73 -87
-73 -88
-73 -89
-73 -90
-73 -91
-73 -92
-73 -93
-73 -94
-73 -95
-73 -96
-73 -97
-73 -98
-73 -99
-72 100
-72 99
-72 98
-72 97
-72 96
-72 95
-72 94
-72 93
-72 92
-72 91
-72 90
-72 89
-72 88
-72 87
-72 86
-72 85
-72 84
-72 83
-72 82
-72 81
-72 80
-72 79
-72 78
-72 77
-72 76
-72 75
-72 74
-72 73
-72 72
-72 71
-72 70
-72 69
-72 68
-72 67
-72 66
-72 65
-72 64
-72 63
-72 62
-72 61
-72 60
-72 59
-72 58
-72 57
-72 56
-72 55
-72 54
-72 53
-72 52
-72 51
-72 50
-72 49
-72 48
-72 47
-72 46
-72 45
-72 44
-72 43
-72 42
-72 41
-72 40
-72 39
-72 38
-72 37
-72 36
-72 35
-72 34
-72 33
-72 32
-72 31
-72 30
-72 29
-72 28
-72 27
-72 26
-72 25
-72 24
-72 23
-72 22
-72 21
-72 20
-72 19
-72 18
-72 17
-72 16
-72 15
-72 14
-72 13
-72 12
-72 11
-72 10
-72 9
-72 8
-72 7
-72 6
-72 5
-72 4
-72 3
-72 2
-72 1
-72 0
-72 -1
-72 -2
-72 -3
-72 -4
-72 -5
-72 -6
-72 -7
-72 -8
-72 -9
-72 -10
-72 -11
-72 -12
-72 -13
-72 -14
-72 -15
-72 -16
-72 -17
-72 -18
-72 -19
-72 -20
-72 -21
-72 -22
-72 -23
-72 -24
-72 -25
-72 -26
-72 -27
-72 -28
-72 -29
-72 -30
-72 -31
-72 -32
-72 -33
-72 -34
-72 -35
-72 -36
-72 -37
-72 -38
-72 -39
-72 -40
-72 -41
-72 -42
-72 -43
-72 -44
-72 -45
-72 -46
-72 -47
-72 -48
-72 -49
-72 -50
-72 -51
-72 -52
-72 -53
-72 -54
-72 -55
-72 -56
-72 -57
-72 -58
-72 -59
-72 -60
-72 -61
-72 -62
-72 -63
-72 -64
-72 -65
-72 -66
-72 -67
-72 -68
-72 -69
-72 -70
-72 -71
-72 -72
-72 -73
-72 -74
-72 -75
-72 -76
-72 -77
-72 -78
-72 -79
-72 -80
-72 -81
-72 -82
-72 -83
-72 -84
-72 -85
-72 -86
-72 -87
-72 -88
-72 -89
-72 -90
-72 -91
-72 -92
-72 -93
-72 -94
-72 -95
-72 -96
-72 -97
-72 -98
-72 -99
-71 100
-71 99
-71 98
-71 97
-71 96
-71 95
-71 94
-71 93
-71 92
-71 91
-71 90
-71 89
-71 88
-71 87
-71 86
-71 85
-71 84
-71 83
-71 82
-71 81
-71 80
-71 79
-71 78
-71 77
-71 76
-71 75
-71 74
-71 73
-71 72
-71 71
-71 70
-71 69
-71 68
-71 67
-71 66
-71 65
-71 64
-71 63
-71 62
-71 61
-71 60
-71 59
-71 58
-71 57
-71 56
-71 55
-71 54
-71 53
-71 52
-71 51
-71 50
-71 49
-71 48
-71 47
-71 46
-71 45
-71 44
-71 43
-71 42
-71 41
-71 40
-71 39
-71 38
-71 37
-71 36
-71 35
-71 34
-71 33
-71 32
-71 31
-71 30
-71 29
-71 28
-71 27
-71 26
-71 25
-71 24
-71 23
-71 22
-71 21
-71 20
-71 19
-71 18
-71 17
-71 16
-71 15
-71 14
-71 13
-71 12
-71 11
-71 10
-71 9
-71 8
-71 7
-71 6
-71 5
-71 4
-71 3
-71 2
-71 1
-71 0
-71 -1
-71 -2
-71 -3
-71 -4
-71 -5
-71 -6
-71 -7
-71 -8
-71 -9
-71 -10
-71 -11
-71 -12
-71 -13
-71 -14
-71 -15
-71 -16
-71 -17
-71 -18
-71 -19
-71 -20
-71 -21
-71 -22
-71 -23
-71 -24
-71 -25
-71 -26
-71 -27
-71 -28
-71 -29
-71 -30
-71 -31
-71 -32
-71 -33
-71 -34
-71 -35
-71 -36
-71 -37
-71 -38
-71 -39
-71 -40
-71 -41
-71 -42
-71 -43
-71 -44
-71 -45
-71 -46
-71 -47
-71 -48
-71 -49
-71 -50
-71 -51
-71 -52
-71 -53
-71 -54
-71 -55
-71 -56
-71 -57
-71 -58
-71 -59
-71 -60
-71 -61
-71 -62
-71 -63
-71 -64
-71 -65
-71 -66
-71 -67
-71 -68
-71 -69
-71 -70
-71 -71
-71 -72
-71 -73
-71 -74
-71 -75
-71 -76
-71 -77
-71 -78
-71 -79
-71 -80
-71 -81
-71 -82
-71 -83
-71 -84
-71 -85
-71 -86
-71 -87
-71 -88
-71 -89
-71 -90
-71 -91
-71 -92
-71 -93
-71 -94
-71 -95
-71 -96
-71 -97
-71 -98
-71 -99
-70 100
-70 99
-70 98
-70 97
-70 96
-70 95
-70 94
-70 93
-70 92
-70 91
-70 90
-70 89
-70 88
-70 87
-70 86
-70 85
-70 84
-70 83
-70 82
-70 81
-70 80
-70 79
-70 78
-70 77
-70 76
-70 75
-70 74
-70 73
-70 72
-70 71
-70 70
-70 69
-70 68
-70 67
-70 66
-70 65
-70 64
-70 63
-70 62
-70 61
-70 60
-70 59
-70 58
-70 57
-70 56
-70 55
-70 54
-70 53
-70 52
-70 51
-70 50
-70 49
-70 48
-70 47
-70 46
-70 45
-70 44
-70 43
-70 42
-70 41
-70 40
-70 39
-70 38
-70 37
-70 36
-70 35
-70 34
-70 33
-70 32
-70 31
-70 30
-70 29
-70 28
-70 27
-70 26
-70 25
-70 24
-70 23
-70 22
-70 21
-70 20
-70 19
-70 18
-70 17
-70 16
-70 15
-70 14
-70 13
-70 12
-70 11
-70 10
-70 9
-70 8
-70 7
-70 6
-70 5
-70 4
-70 3
-70 2
-70 1
-70 0
-70 -1
-70 -2
-70 -3
-70 -4
-70 -5
-70 -6
-70 -7
-70 -8
-70 -9
-70 -10
-70 -11
-70 -12
-70 -13
-70 -14
-70 -15
-70 -16
-70 -17
-70 -18
-70 -19
-70 -20
-70 -21
-70 -22
-70 -23
-70 -24
-70 -25
-70 -26
-70 -27
-70 -28
-70 -29
-70 -30
-70 -31
-70 -32
-70 -33
-70 -34
-70 -35
-70 -36
-70 -37
-70 -38
-70 -39
-70 -40
-70 -41
-70 -42
-70 -43
-70 -44
-70 -45
-70 -46
-70 -47
-70 -48
-70 -49
-70 -50
-70 -51
-70 -52
-70 -53
-70 -54
-70 -55
-70 -56
-70 -57
-70 -58
-70 -59
-70 -60
-70 -61
-70 -62
-70 -63
-70 -64
-70 -65
-70 -66
-70 -67
-70 -68
-70 -69
-70 -70
-70 -71
-70 -72
-70 -73
-70 -74
-70 -75
-70 -76
-70 -77
-70 -78
-70 -79
-70 -80
-70 -81
-70 -82
-70 -83
-70 -84
-70 -85
-70 -86
-70 -87
-70 -88
-70 -89
-70 -90
-70 -91
-70 -92
-70 -93
-70 -94
-70 -95
-70 -96
-70 -97
-70 -98
-70 -99
-69 100
-69 99
-69 98
-69 97
-69 96
-69 95
-69 94
-69 93
-69 92
-69 91
-69 90
-69 89
-69 88
-69 87
-69 86
-69 85
-69 84
-69 83
-69 82
-69 81
-69 80
-69 79
-69 78
-69 77
-69 76
-69 75
-69 74
-69 73
-69 72
-69 71
-69 70
-69 69
-69 68
-69 67
-69 66
-69 65
-69 64
-69 63
-69 62
-69 61
-69 60
-69 59
-69 58
-69 57
-69 56
-69 55
-69 54
-69 53
-69 52
-69 51
-69 50
-69 49
-69 48
-69 47
-69 46
-69 45
-69 44
-69 43
-69 42
-69 41
-69 40
-69 39
-69 38
-69 37
-69 36
-69 35
-69 34
-69 33
-69 32
-69 31
-69 30
-69 29
-69 28
-69 27
-69 26
-69 25
-69 24
-69 23
-69 22
-69 21
-69 20
-69 19
-69 18
-69 17
-69 16
-69 15
-69 14
-69 13
-69 12
-69 11
-69 10
-69 9
-69 8
-69 7
-69 6
-69 5
-69 4
-69 3
-69 2
-69 1
-69 0
-69 -1
-69 -2
-69 -3
-69 -4
-69 -5
-69 -6
-69 -7
-69 -8
-69 -9
-69 -10
-69 -11
-69 -12
-69 -13
-69 -14
-69 -15
-69 -16
-69 -17
-69 -18
-69 -19
-69 -20
-69 -21
-69 -22
-69 -23
-69 -24
-69 -25
-69 -26
-69 -27
-69 -28
-69 -29
-69 -30
-69 -31
-69 -32
-69 -33
-69 -34
-69 -35
-69 -36
-69 -37
-69 -38
-69 -39
-69 -40
-69 -41
-69 -42
-69 -43
-69 -44
-69 -45
-69 -46
-69 -47
-69 -48
-69 -49
-69 -50
-69 -51
-69 -52
-69 -53
-69 -54
-69 -55
-69 -56
-69 -57
-69 -58
-69 -59
-69 -60
-69 -61
-69 -62
-69 -63
-69 -64
-69 -65
-69 -66
-69 -67
-69 -68
-69 -69
-69 -70
-69 -71
-69 -72
-69 -73
-69 -74
-69 -75
-69 -76
-69 -77
-69 -78
-69 -79
-69 -80
-69 -81
-69 -82
-69 -83
-69 -84
-69 -85
-69 -86
-69 -87
-69 -88
-69 -89
-69 -90
-69 -91
-69 -92
-69 -93
-69 -94
-69 -95
-69 -96
-69 -97
-69 -98
-69 -99
-68 100
-68 99
-68 98
-68 97
-68 96
-68 95
-68 94
-68 93
-68 92
-68 91
-68 90
-68 89
-68 88
-68 87
-68 86
-68 85
-68 84
-68 83
-68 82
-68 81
-68 80
-68 79
-68 78
-68 77
-68 76
-68 75
-68 74
-68 73
-68 72
-68 71
-68 70
-68 69
-68 68
-68 67
-68 66
-68 65
-68 64
-68 63
-68 62
-68 61
-68 60
-68 59
-68 58
-68 57
-68 56
-68 55
-68 54
-68 53
-68 52
-68 51
-68 50
-68 49
-68 48
-68 47
-68 46
-68 45
-68 44
-68 43
-68 42
-68 41
-68 40
-68 39
-68 38
-68 37
-68 36
-68 35
-68 34
-68 33
-68 32
-68 31
-68 30
-68 29
-68 28
-68 27
-68 26
-68 25
-68 24
-68 23
-68 22
-68 21
-68 20
-68 19
-68 18
-68 17
-68 16
-68 15
-68 14
-68 13
-68 12
-68 11
-68 10
-68 9
-68 8
-68 7
-68 6
-68 5
-68 4
-68 3
-68 2
-68 1
-68 0
-68 -1
-68 -2
-68 -3
-68 -4
-68 -5
-68 -6
-68 -7
-68 -8
-68 -9
-68 -10
-68 -11
-68 -12
-68 -13
-68 -14
-68 -15
-68 -16
-68 -17
-68 -18
-68 -19
-68 -20
-68 -21
-68 -22
-68 -23
-68 -24
-68 -25
-68 -26
-68 -27
-68 -28
-68 -29
-68 -30
-68 -31
-68 -32
-68 -33
-68 -34
-68 -35
-68 -36
-68 -37
-68 -38
-68 -39
-68 -40
-68 -41
-68 -42
-68 -43
-68 -44
-68 -45
-68 -46
-68 -47
-68 -48
-68 -49
-68 -50
-68 -51
-68 -52
-68 -53
-68 -54
-68 -55
-68 -56
-68 -57
-68 -58
-68 -59
-68 -60
-68 -61
-68 -62
-68 -63
-68 -64
-68 -65
-68 -66
-68 -67
-68 -68
-68 -69
-68 -70
-68 -71
-68 -72
-68 -73
-68 -74
-68 -75
-68 -76
-68 -77
-68 -78
-68 -79
-68 -80
-68 -81
-68 -82
-68 -83
-68 -84
-68 -85
-68 -86
-68 -87
-68 -88
-68 -89
-68 -90
-68 -91
-68 -92
-68 -93
-68 -94
-68 -95
-68 -96
-68 -97
-68 -98
-68 -99
-67 100
-67 99
-67 98
-67 97
-67 96
-67 95
-67 94
-67 93
-67 92
-67 91
-67 90
-67 89
-67 88
-67 87
-67 86
-67 85
-67 84
-67 83
-67 82
-67 81
-67 80
-67 79
-67 78
-67 77
-67 76
-67 75
-67 74
-67 73
-67 72
-67 71
-67 70
-67 69
-67 68
-67 67
-67 66
-67 65
-67 64
-67 63
-67 62
-67 61
-67 60
-67 59
-67 58
-67 57
-67 56
-67 55
-67 54
-67 53
-67 52
-67 51
-67 50
-67 49
-67 48
-67 47
-67 46
-67 45
-67 44
-67 43
-67 42
-67 41
-67 40
-67 39
-67 38
-67 37
-67 36
-67 35
-67 34
-67 33
-67 32
-67 31
-67 30
-67 29
-67 28
-67 27
-67 26
-67 25
-67 24
-67 23
-67 22
-67 21
-67 20
-67 19
-67 18
-67 17
-67 16
-67 15
-67 14
-67 13
-67 12
-67 11
-67 10
-67 9
-67 8
-67 7
-67 6
-67 5
-67 4
-67 3
-67 2
-67 1
-67 0
-67 -1
-67 -2
-67 -3
-67 -4
-67 -5
-67 -6
-67 -7
-67 -8
-67 -9
-67 -10
-67 -11
-67 -12
-67 -13
-67 -14
-67 -15
-67 -16
-67 -17
-67 -18
-67 -19
-67 -20
-67 -21
-67 -22
-67 -23
-67 -24
-67 -25
-67 -26
-67 -27
-67 -28
-67 -29
-67 -30
-67 -31
-67 -32
-67 -33
-67 -34
-67 -35
-67 -36
-67 -37
-67 -38
-67 -39
-67 -40
-67 -41
-67 -42
-67 -43
-67 -44
-67 -45
-67 -46
-67 -47
-67 -48
-67 -49
-67 -50
-67 -51
-67 -52
-67 -53
-67 -54
-67 -55
-67 -56
-67 -57
-67 -58
-67 -59
-67 -60
-67 -61
-67 -62
-67 -63
-67 -64
-67 -65
-67 -66
-67 -67
-67 -68
-67 -69
-67 -70
-67 -71
-67 -72
-67 -73
-67 -74
-67 -75
-67 -76
-67 -77
-67 -78
-67 -79
-67 -80
-67 -81
-67 -82
-67 -83
-67 -84
-67 -85
-67 -86
-67 -87
-67 -88
-67 -89
-67 -90
-67 -91
-67 -92
-67 -93
-67 -94
-67 -95
-67 -96
-67 -97
-67 -98
-67 -99
-66 100
-66 99
-66 98
-66 97
-66 96
-66 95
-66 94
-66 93
-66 92
-66 91
-66 90
-66 89
-66 88
-66 87
-66 86
-66 85
-66 84
-66 83
-66 82
-66 81
-66 80
-66 79
-66 78
-66 77
-66 76
-66 75
-66 74
-66 73
-66 72
-66 71
-66 70
-66 69
-66 68
-66 67
-66 66
-66 65
-66 64
-66 63
-66 62
-66 61
-66 60
-66 59
-66 58
-66 57
-66 56
-66 55
-66 54
-66 53
-66 52
-66 51
-66 50
-66 49
-66 48
-66 47
-66 46
-66 45
-66 44
-66 43
-66 42
-66 41
-66 40
-66 39
-66 38
-66 37
-66 36
-66 35
-66 34
-66 33
-66 32
-66 31
-66 30
-66 29
-66 28
-66 27
-66 26
-66 25
-66 24
-66 23
-66 22
-66 21
-66 20
-66 19
-66 18
-66 17
-66 16
-66 15
-66 14
-66 13
-66 12
-66 11
-66 10
-66 9
-66 8
-66 7
-66 6
-66 5
-66 4
-66 3
-66 2
-66 1
-66 0
-66 -1
-66 -2
-66 -3
-66 -4
-66 -5
-66 -6
-66 -7
-66 -8
-66 -9
-66 -10
-66 -11
-66 -12
-66 -13
-66 -14
-66 -15
-66 -16
-66 -17
-66 -18
-66 -19
-66 -20
-66 -21
-66 -22
-66 -23
-66 -24
-66 -25
-66 -26
-66 -27
-66 -28
-66 -29
-66 -30
-66 -31
-66 -32
-66 -33
-66 -34
-66 -35
-66 -36
-66 -37
-66 -38
-66 -39
-66 -40
-66 -41
-66 -42
-66 -43
-66 -44
-66 -45
-66 -46
-66 -47
-66 -48
-66 -49
-66 -50
-66 -51
-66 -52
-66 -53
-66 -54
-66 -55
-66 -56
-66 -57
-66 -58
-66 -59
-66 -60
-66 -61
-66 -62
-66 -63
-66 -64
-66 -65
-66 -66
-66 -67
-66 -68
-66 -69
-66 -70
-66 -71
-66 -72
-66 -73
-66 -74
-66 -75
-66 -76
-66 -77
-66 -78
-66 -79
-66 -80
-66 -81
-66 -82
-66 -83
-66 -84
-66 -85
-66 -86
-66 -87
-66 -88
-66 -89
-66 -90
-66 -91
-66 -92
-66 -93
-66 -94
-66 -95
-66 -96
-66 -97
-66 -98
-66 -99
-65 100
-65 99
-65 98
-65 97
-65 96
-65 95
-65 94
-65 93
-65 92
-65 91
-65 90
-65 89
-65 88
-65 87
-65 86
-65 85
-65 84
-65 83
-65 82
-65 81
-65 80
-65 79
-65 78
-65 77
-65 76
-65 75
-65 74
-65 73
-65 72
-65 71
-65 70
-65 69
-65 68
-65 67
-65 66
-65 65
-65 64
-65 63
-65 62
-65 61
-65 60
-65 59
-65 58
-65 57
-65 56
-65 55
-65 54
-65 53
-65 52
-65 51
-65 50
-65 49
-65 48
-65 47
-65 46
-65 45
-65 44
-65 43
-65 42
-65 41
-65 40
-65 39
-65 38
-65 37
-65 36
-65 35
-65 34
-65 33
-65 32
-65 31
-65 30
-65 29
-65 28
-65 27
-65 26
-65 25
-65 24
-65 23
-65 22
-65 21
-65 20
-65 19
-65 18
-65 17
-65 16
-65 15
-65 14
-65 13
-65 12
-65 11
-65 10
-65 9
-65 8
-65 7
-65 6
-65 5
-65 4
-65 3
-65 2
-65 1
-65 0
-65 -1
-65 -2
-65 -3
-65 -4
-65 -5
-65 -6
-65 -7
-65 -8
-65 -9
-65 -10
-65 -11
-65 -12
-65 -13
-65 -14
-65 -15
-65 -16
-65 -17
-65 -18
-65 -19
-65 -20
-65 -21
-65 -22
-65 -23
-65 -24
-65 -25
-65 -26
-65 -27
-65 -28
-65 -29
-65 -30
-65 -31
-65 -32
-65 -33
-65 -34
-65 -35
-65 -36
-65 -37
-65 -38
-65 -39
-65 -40
-65 -41
-65 -42
-65 -43
-65 -44
-65 -45
-65 -46
-65 -47
-65 -48
-65 -49
-65 -50
-65 -51
-65 -52
-65 -53
-65 -54
-65 -55
-65 -56
-65 -57
-65 -58
-65 -59
-65 -60
-65 -61
-65 -62
-65 -63
-65 -64
-65 -65
-65 -66
-65 -67
-65 -68
-65 -69
-65 -70
-65 -71
-65 -72
-65 -73
-65 -74
-65 -75
-65 -76
-65 -77
-65 -78
-65 -79
-65 -80
-65 -81
-65 -82
-65 -83
-65 -84
-65 -85
-65 -86
-65 -87
-65 -88
-65 -89
-65 -90
-65 -91
-65 -92
-65 -93
-65 -94
-65 -95
-65 -96
-65 -97
-65 -98
-65 -99
-64 100
-64 99
-64 98
-64 97
-64 96
-64 95
-64 94
-64 93
-64 92
-64 91
-64 90
-64 89
-64 88
-64 87
-64 86
-64 85
-64 84
-64 83
-64 82
-64 81
-64 80
-64 79
-64 78
-64 77
-64 76
-64 75
-64 74
-64 73
-64 72
-64 71
-64 70
-64 69
-64 68
-64 67
-64 66
-64 65
-64 64
-64 63
-64 62
-64 61
-64 60
-64 59
-64 58
-64 57
-64 56
-64 55
-64 54
-64 53
-64 52
-64 51
-64 50
-64 49
-64 48
-64 47
-64 46
-64 45
-64 44
-64 43
-64 42
-64 41
-64 40
-64 39
-64 38
-64 37
-64 36
-64 35
-64 34
-64 33
-64 32
-64 31
-64 30
-64 29
-64 28
-64 27
-64 26
-64 25
-64 24
-64 23
-64 22
-64 21
-64 20
-64 19
-64 18
-64 17
-64 16
-64 15
-64 14
-64 13
-64 12
-64 11
-64 10
-64 9
-64 8
-64 7
-64 6
-64 5
-64 4
-64 3
-64 2
-64 1
-64 0
-64 -1
-64 -2
-64 -3
-64 -4
-64 -5
-64 -6
-64 -7
-64 -8
-64 -9
-64 -10
-64 -11
-64 -12
-64 -13
-64 -14
-64 -15
-64 -16
-64 -17
-64 -18
-64 -19
-64 -20
-64 -21
-64 -22
-64 -23
-64 -24
-64 -25
-64 -26
-64 -27
-64 -28
-64 -29
-64 -30
-64 -31
-64 -32
-64 -33
-64 -34
-64 -35
-64 -36
-64 -37
-64 -38
-64 -39
-64 -40
-64 -41
-64 -42
-64 -43
-64 -44
-64 -45
-64 -46
-64 -47
-64 -48
-64 -49
-64 -50
-64 -51
-64 -52
-64 -53
-64 -54
-64 -55
-64 -56
-64 -57
-64 -58
-64 -59
-64 -60
-64 -61
-64 -62
-64 -63
-64 -64
-64 -65
-64 -66
-64 -67
-64 -68
-64 -69
-64 -70
-64 -71
-64 -72
-64 -73
-64 -74
-64 -75
-64 -76
-64 -77
-64 -78
-64 -79
-64 -80
-64 -81
-64 -82
-64 -83
-64 -84
-64 -85
-64 -86
-64 -87
-64 -88
-64 -89
-64 -90
-64 -91
-64 -92
-64 -93
-64 -94
-64 -95
-64 -96
-64 -97
-64 -98
-64 -99
-63 100
-63 99
-63 98
-63 97
-63 96
-63 95
-63 94
-63 93
-63 92
-63 91
-63 90
-63 89
-63 88
-63 87
-63 86
-63 85
-63 84
-63 83
-63 82
-63 81
-63 80
-63 79
-63 78
-63 77
-63 76
-63 75
-63 74
-63 73
-63 72
-63 71
-63 70
-63 69
-63 68
-63 67
-63 66
-63 65
-63 64
-63 63
-63 62
-63 61
-63 60
-63 59
-63 58
-63 57
-63 56
-63 55
-63 54
-63 53
-63 52
-63 51
-63 50
-63 49
-63 48
-63 47
-63 46
-63 45
-63 44
-63 43
-63 42
-63 41
-63 40
-63 39
-63 38
-63 37
-63 36
-63 35
-63 34
-63 33
-63 32
-63 31
-63 30
-63 29
-63 28
-63 27
-63 26
-63 25
-63 24
-63 23
-63 22
-63 21
-63 20
-63 19
-63 18
-63 17
-63 16
-63 15
-63 14
-63 13
-63 12
-63 11
-63 10
-63 9
-63 8
-63 7
-63 6
-63 5
-63 4
-63 3
-63 2
-63 1
-63 0
-63 -1
-63 -2
-63 -3
-63 -4
-63 -5
-63 -6
-63 -7
-63 -8
-63 -9
-63 -10
-63 -11
-63 -12
-63 -13
-63 -14
-63 -15
-63 -16
-63 -17
-63 -18
-63 -19
-63 -20
-63 -21
-63 -22
-63 -23
-63 -24
-63 -25
-63 -26
-63 -27
-63 -28
-63 -29
-63 -30
-63 -31
-63 -32
-63 -33
-63 -34
-63 -35
-63 -36
-63 -37
-63 -38
-63 -39
-63 -40
-63 -41
-63 -42
-63 -43
-63 -44
-63 -45
-63 -46
-63 -47
-63 -48
-63 -49
-63 -50
-63 -51
-63 -52
-63 -53
-63 -54
-63 -55
-63 -56
-63 -57
-63 -58
-63 -59
-63 -60
-63 -61
-63 -62
-63 -63
-63 -64
-63 -65
-63 -66
-63 -67
-63 -68
-63 -69
-63 -70
-63 -71
-63 -72
-63 -73
-63 -74
-63 -75
-63 -76
-63 -77
-63 -78
-63 -79
-63 -80
-63 -81
-63 -82
-63 -83
-63 -84
-63 -85
-63 -86
-63 -87
-63 -88
-63 -89
-63 -90
-63 -91
-63 -92
-63 -93
-63 -94
-63 -95
-63 -96
-63 -97
-63 -98
-63 -99
-62 100
-62 99
-62 98
-62 97
-62 96
-62 95
-62 94
-62 93
-62 92
-62 91
-62 90
-62 89
-62 88
-62 87
-62 86
-62 85
-62 84
-62 83
-62 82
-62 81
-62 80
-62 79
-62 78
-62 77
-62 76
-62 75
-62 74
-62 73
-62 72
-62 71
-62 70
-62 69
-62 68
-62 67
-62 66
-62 65
-62 64
-62 63
-62 62
-62 61
-62 60
-62 59
-62 58
-62 57
-62 56
-62 55
-62 54
-62 53
-62 52
-62 51
-62 50
-62 49
-62 48
-62 47
-62 46
-62 45
-62 44
-62 43
-62 42
-62 41
-62 40
-62 39
-62 38
-62 37
-62 36
-62 35
-62 34
-62 33
-62 32
-62 31
-62 30
-62 29
-62 28
-62 27
-62 26
-62 25
-62 24
-62 23
-62 22
-62 21
-62 20
-62 19
-62 18
-62 17
-62 16
-62 15
-62 14
-62 13
-62 12
-62 11
-62 10
-62 9
-62 8
-62 7
-62 6
-62 5
-62 4
-62 3
-62 2
-62 1
-62 0
-62 -1
-62 -2
-62 -3
-62 -4
-62 -5
-62 -6
-62 -7
-62 -8
-62 -9
-62 -10
-62 -11
-62 -12
-62 -13
-62 -14
-62 -15
-62 -16
-62 -17
-62 -18
-62 -19
-62 -20
-62 -21
-62 -22
-62 -23
-62 -24
-62 -25
-62 -26
-62 -27
-62 -28
-62 -29
-62 -30
-62 -31
-62 -32
-62 -33
-62 -34
-62 -35
-62 -36
-62 -37
-62 -38
-62 -39
-62 -40
-62 -41
-62 -42
-62 -43
-62 -44
-62 -45
-62 -46
-62 -47
-62 -48
-62 -49
-62 -50
-62 -51
-62 -52
-62 -53
-62 -54
-62 -55
-62 -56
-62 -57
-62 -58
-62 -59
-62 -60
-62 -61
-62 -62
-62 -63
-62 -64
-62 -65
-62 -66
-62 -67
-62 -68
-62 -69
-62 -70
-62 -71
-62 -72
-62 -73
-62 -74
-62 -75
-62 -76
-62 -77
-62 -78
-62 -79
-62 -80
-62 -81
-62 -82
-62 -83
-62 -84
-62 -85
-62 -86
-62 -87
-62 -88
-62 -89
-62 -90
-62 -91
-62 -92
-62 -93
-62 -94
-62 -95
-62 -96
-62 -97
-62 -98
-62 -99
-61 100
-61 99
-61 98
-61 97
-61 96
-61 95
-61 94
-61 93
-61 92
-61 91
-61 90
-61 89
-61 88
-61 87
-61 86
-61 85
-61 84
-61 83
-61 82
-61 81
-61 80
-61 79
-61 78
-61 77
-61 76
-61 75
-61 74
-61 73
-61 72
-61 71
-61 70
-61 69
-61 68
-61 67
-61 66
-61 65
-61 64
-61 63
-61 62
-61 61
-61 60
-61 59
-61 58
-61 57
-61 56
-61 55
-61 54
-61 53
-61 52
-61 51
-61 50
-61 49
-61 48
-61 47
-61 46
-61 45
-61 44
-61 43
-61 42
-61 41
-61 40
-61 39
-61 38
-61 37
-61 36
-61 35
-61 34
-61 33
-61 32
-61 31
-61 30
-61 29
-61 28
-61 27
-61 26
-61 25
-61 24
-61 23
-61 22
-61 21
-61 20
-61 19
-61 18
-61 17
-61 16
-61 15
-61 14
-61 13
-61 12
-61 11
-61 10
-61 9
-61 8
-61 7
-61 6
-61 5
-61 4
-61 3
-61 2
-61 1
-61 0
-61 -1
-61 -2
-61 -3
-61 -4
-61 -5
-61 -6
-61 -7
-61 -8
-61 -9
-61 -10
-61 -11
-61 -12
-61 -13
-61 -14
-61 -15
-61 -16
-61 -17
-61 -18
-61 -19
-61 -20
-61 -21
-61 -22
-61 -23
-61 -24
-61 -25
-61 -26
-61 -27
-61 -28
-61 -29
-61 -30
-61 -31
-61 -32
-61 -33
-61 -34
-61 -35
-61 -36
-61 -37
-61 -38
-61 -39
-61 -40
-61 -41
-61 -42
-61 -43
-61 -44
-61 -45
-61 -46
-61 -47
-61 -48
-61 -49
-61 -50
-61 -51
-61 -52
-61 -53
-61 -54
-61 -55
-61 -56
-61 -57
-61 -58
-61 -59
-61 -60
-61 -61
-61 -62
-61 -63
-61 -64
-61 -65
-61 -66
-61 -67
-61 -68
-61 -69
-61 -70
-61 -71
-61 -72
-61 -73
-61 -74
-61 -75
-61 -76
-61 -77
-61 -78
-61 -79
-61 -80
-61 -81
-61 -82
-61 -83
-61 -84
-61 -85
-61 -86
-61 -87
-61 -88
-61 -89
-61 -90
-61 -91
-61 -92
-61 -93
-61 -94
-61 -95
-61 -96
-61 -97
-61 -98
-61 -99
-60 100
-60 99
-60 98
-60 97
-60 96
-60 95
-60 94
-60 93
-60 92
-60 91
-60 90
-60 89
-60 88
-60 87
-60 86
-60 85
-60 84
-60 83
-60 82
-60 81
-60 80
-60 79
-60 78
-60 77
-60 76
-60 75
-60 74
-60 73
-60 72
-60 71
-60 70
-60 69
-60 68
-60 67
-60 66
-60 65
-60 64
-60 63
-60 62
-60 61
-60 60
-60 59
-60 58
-60 57
-60 56
-60 55
-60 54
-60 53
-60 52
-60 51
-60 50
-60 49
-60 48
-60 47
-60 46
-60 45
-60 44
-60 43
-60 42
-60 41
-60 40
-60 39
-60 38
-60 37
-60 36
-60 35
-60 34
-60 33
-60 32
-60 31
-60 30
-60 29
-60 28
-60 27
-60 26
-60 25
-60 24
-60 23
-60 22
-60 21
-60 20
-60 19
-60 18
-60 17
-60 16
-60 15
-60 14
-60 13
-60 12
-60 11
-60 10
-60 9
-60 8
-60 7
-60 6
-60 5
-60 4
-60 3
-60 2
-60 1
-60 0
-60 -1
-60 -2
-60 -3
-60 -4
-60 -5
-60 -6
-60 -7
-60 -8
-60 -9
-60 -10
-60 -11
-60 -12
-60 -13
-60 -14
-60 -15
-60 -16
-60 -17
-60 -18
-60 -19
-60 -20
-60 -21
-60 -22
-60 -23
-60 -24
-60 -25
-60 -26
-60 -27
-60 -28
-60 -29
-60 -30
-60 -31
-60 -32
-60 -33
-60 -34
-60 -35
-60 -36
-60 -37
-60 -38
-60 -39
-60 -40
-60 -41
-60 -42
-60 -43
-60 -44
-60 -45
-60 -46
-60 -47
-60 -48
-60 -49
-60 -50
-60 -51
-60 -52
-60 -53
-60 -54
-60 -55
-60 -56
-60 -57
-60 -58
-60 -59
-60 -60
-60 -61
-60 -62
-60 -63
-60 -64
-60 -65
-60 -66
-60 -67
-60 -68
-60 -69
-60 -70
-60 -71
-60 -72
-60 -73
-60 -74
-60 -75
-60 -76
-60 -77
-60 -78
-60 -79
-60 -80
-60 -81
-60 -82
-60 -83
-60 -84
-60 -85
-60 -86
-60 -87
-60 -88
-60 -89
-60 -90
-60 -91
-60 -92
-60 -93
-60 -94
-60 -95
-60 -96
-60 -97
-60 -98
-60 -99
-59 100
-59 99
-59 98
-59 97
-59 96
-59 95
-59 94
-59 93
-59 92
-59 91
-59 90
-59 89
-59 88
-59 87
-59 86
-59 85
-59 84
-59 83
-59 82
-59 81
-59 80
-59 79
-59 78
-59 77
-59 76
-59 75
-59 74
-59 73
-59 72
-59 71
-59 70
-59 69
-59 68
-59 67
-59 66
-59 65
-59 64
-59 63
-59 62
-59 61
-59 60
-59 59
-59 58
-59 57
-59 56
-59 55
-59 54
-59 53
-59 52
-59 51
-59 50
-59 49
-59 48
-59 47
-59 46
-59 45
-59 44
-59 43
-59 42
-59 41
-59 40
-59 39
-59 38
-59 37
-59 36
-59 35
-59 34
-59 33
-59 32
-59 31
-59 30
-59 29
-59 28
-59 27
-59 26
-59 25
-59 24
-59 23
-59 22
-59 21
-59 20
-59 19
-59 18
-59 17
-59 16
-59 15
-59 14
-59 13
-59 12
-59 11
-59 10
-59 9
-59 8
-59 7
-59 6
-59 5
-59 4
-59 3
-59 2
-59 1
-59 0
-59 -1
-59 -2
-59 -3
-59 -4
-59 -5
-59 -6
-59 -7
-59 -8
-59 -9
-59 -10
-59 -11
-59 -12
-59 -13
-59 -14
-59 -15
-59 -16
-59 -17
-59 -18
-59 -19
-59 -20
-59 -21
-59 -22
-59 -23
-59 -24
-59 -25
-59 -26
-59 -27
-59 -28
-59 -29
-59 -30
-59 -31
-59 -32
-59 -33
-59 -34
-59 -35
-59 -36
-59 -37
-59 -38
-59 -39
-59 -40
-59 -41
-59 -42
-59 -43
-59 -44
-59 -45
-59 -46
-59 -47
-59 -48
-59 -49
-59 -50
-59 -51
-59 -52
-59 -53
-59 -54
-59 -55
-59 -56
-59 -57
-59 -58
-59 -59
-59 -60
-59 -61
-59 -62
-59 -63
-59 -64
-59 -65
-59 -66
-59 -67
-59 -68
-59 -69
-59 -70
-59 -71
-59 -72
-59 -73
-59 -74
-59 -75
-59 -76
-59 -77
-59 -78
-59 -79
-59 -80
-59 -81
-59 -82
-59 -83
-59 -84
-59 -85
-59 -86
-59 -87
-59 -88
-59 -89
-59 -90
-59 -91
-59 -92
-59 -93
-59 -94
-59 -95
-59 -96
-59 -97
-59 -98
-59 -99
-58 100
-58 99
-58 98
-58 97
-58 96
-58 95
-58 94
-58 93
-58 92
-58 91
-58 90
-58 89
-58 88
-58 87
-58 86
-58 85
-58 84
-58 83
-58 82
-58 81
-58 80
-58 79
-58 78
-58 77
-58 76
-58 75
-58 74
-58 73
-58 72
-58 71
-58 70
-58 69
-58 68
-58 67
-58 66
-58 65
-58 64
-58 63
-58 62
-58 61
-58 60
-58 59
-58 58
-58 57
-58 56
-58 55
-58 54
-58 53
-58 52
-58 51
-58 50
-58 49
-58 48
-58 47
-58 46
-58 45
-58 44
-58 43
-58 42
-58 41
-58 40
-58 39
-58 38
-58 37
-58 36
-58 35
-58 34
-58 33
-58 32
-58 31
-58 30
-58 29
-58 28
-58 27
-58 26
-58 25
-58 24
-58 23
-58 22
-58 21
-58 20
-58 19
-58 18
-58 17
-58 16
-58 15
-58 14
-58 13
-58 12
-58 11
-58 10
-58 9
-58 8
-58 7
-58 6
-58 5
-58 4
-58 3
-58 2
-58 1
-58 0
-58 -1
-58 -2
-58 -3
-58 -4
-58 -5
-58 -6
-58 -7
-58 -8
-58 -9
-58 -10
-58 -11
-58 -12
-58 -13
-58 -14
-58 -15
-58 -16
-58 -17
-58 -18
-58 -19
-58 -20
-58 -21
-58 -22
-58 -23
-58 -24
-58 -25
-58 -26
-58 -27
-58 -28
-58 -29
-58 -30
-58 -31
-58 -32
-58 -33
-58 -34
-58 -35
-58 -36
-58 -37
-58 -38
-58 -39
-58 -40
-58 -41
-58 -42
-58 -43
-58 -44
-58 -45
-58 -46
-58 -47
-58 -48
-58 -49
-58 -50
-58 -51
-58 -52
-58 -53
-58 -54
-58 -55
-58 -56
-58 -57
-58 -58
-58 -59
-58 -60
-58 -61
-58 -62
-58 -63
-58 -64
-58 -65
-58 -66
-58 -67
-58 -68
-58 -69
-58 -70
-58 -71
-58 -72
-58 -73
-58 -74
-58 -75
-58 -76
-58 -77
-58 -78
-58 -79
-58 -80
-58 -81
-58 -82
-58 -83
-58 -84
-58 -85
-58 -86
-58 -87
-58 -88
-58 -89
-58 -90
-58 -91
-58 -92
-58 -93
-58 -94
-58 -95
-58 -96
-58 -97
-58 -98
-58 -99
-57 100
-57 99
-57 98
-57 97
-57 96
-57 95
-57 94
-57 93
-57 92
-57 91
-57 90
-57 89
-57 88
-57 87
-57 86
-57 85
-57 84
-57 83
-57 82
-57 81
-57 80
-57 79
-57 78
-57 77
-57 76
-57 75
-57 74
-57 73
-57 72
-57 71
-57 70
-57 69
-57 68
-57 67
-57 66
-57 65
-57 64
-57 63
-57 62
-57 61
-57 60
-57 59
-57 58
-57 57
-57 56
-57 55
-57 54
-57 53
-57 52
-57 51
-57 50
-57 49
-57 48
-57 47
-57 46
-57 45
-57 44
-57 43
-57 42
-57 41
-57 40
-57 39
-57 38
-57 37
-57 36
-57 35
-57 34
-57 33
-57 32
-57 31
-57 30
-57 29
-57 28
-57 27
-57 26
-57 25
-57 24
-57 23
-57 22
-57 21
-57 20
-57 19
-57 18
-57 17
-57 16
-57 15
-57 14
-57 13
-57 12
-57 11
-57 10
-57 9
-57 8
-57 7
-57 6
-57 5
-57 4
-57 3
-57 2
-57 1
-57 0
-57 -1
-57 -2
-57 -3
-57 -4
-57 -5
-57 -6
-57 -7
-57 -8
-57 -9
-57 -10
-57 -11
-57 -12
-57 -13
-57 -14
-57 -15
-57 -16
-57 -17
-57 -18
-57 -19
-57 -20
-57 -21
-57 -22
-57 -23
-57 -24
-57 -25
-57 -26
-57 -27
-57 -28
-57 -29
-57 -30
-57 -31
-57 -32
-57 -33
-57 -34
-57 -35
-57 -36
-57 -37
-57 -38
-57 -39
-57 -40
-57 -41
-57 -42
-57 -43
-57 -44
-57 -45
-57 -46
-57 -47
-57 -48
-57 -49
-57 -50
-57 -51
-57 -52
-57 -53
-57 -54
-57 -55
-57 -56
-57 -57
-57 -58
-57 -59
-57 -60
-57 -61
-57 -62
-57 -63
-57 -64
-57 -65
-57 -66
-57 -67
-57 -68
-57 -69
-57 -70
-57 -71
-57 -72
-57 -73
-57 -74
-57 -75
-57 -76
-57 -77
-57 -78
-57 -79
-57 -80
-57 -81
-57 -82
-57 -83
-57 -84
-57 -85
-57 -86
-57 -87
-57 -88
-57 -89
-57 -90
-57 -91
-57 -92
-57 -93
-57 -94
-57 -95
-57 -96
-57 -97
-57 -98
-57 -99
-56 100
-56 99
-56 98
-56 97
-56 96
-56 95
-56 94
-56 93
-56 92
-56 91
-56 90
-56 89
-56 88
-56 87
-56 86
-56 85
-56 84
-56 83
-56 82
-56 81
-56 80
-56 79
-56 78
-56 77
-56 76
-56 75
-56 74
-56 73
-56 72
-56 71
-56 70
-56 69
-56 68
-56 67
-56 66
-56 65
-56 64
-56 63
-56 62
-56 61
-56 60
-56 59
-56 58
-56 57
-56 56
-56 55
-56 54
-56 53
-56 52
-56 51
-56 50
-56 49
-56 48
-56 47
-56 46
-56 45
-56 44
-56 43
-56 42
-56 41
-56 40
-56 39
-56 38
-56 37
-56 36
-56 35
-56 34
-56 33
-56 32
-56 31
-56 30
-56 29
-56 28
-56 27
-56 26
-56 25
-56 24
-56 23
-56 22
-56 21
-56 20
-56 19
-56 18
-56 17
-56 16
-56 15
-56 14
-56 13
-56 12
-56 11
-56 10
-56 9
-56 8
-56 7
-56 6
-56 5
-56 4
-56 3
-56 2
-56 1
-56 0
-56 -1
-56 -2
-56 -3
-56 -4
-56 -5
-56 -6
-56 -7
-56 -8
-56 -9
-56 -10
-56 -11
-56 -12
-56 -13
-56 -14
-56 -15
-56 -16
-56 -17
-56 -18
-56 -19
-56 -20
-56 -21
-56 -22
-56 -23
-56 -24
-56 -25
-56 -26
-56 -27
-56 -28
-56 -29
-56 -30
-56 -31
-56 -32
-56 -33
-56 -34
-56 -35
-56 -36
-56 -37
-56 -38
-56 -39
-56 -40
-56 -41
-56 -42
-56 -43
-56 -44
-56 -45
-56 -46
-56 -47
-56 -48
-56 -49
-56 -50
-56 -51
-56 -52
-56 -53
-56 -54
-56 -55
-56 -56
-56 -57
-56 -58
-56 -59
-56 -60
-56 -61
-56 -62
-56 -63
-56 -64
-56 -65
-56 -66
-56 -67
-56 -68
-56 -69
-56 -70
-56 -71
-56 -72
-56 -73
-56 -74
-56 -75
-56 -76
-56 -77
-56 -78
-56 -79
-56 -80
-56 -81
-56 -82
-56 -83
-56 -84
-56 -85
-56 -86
-56 -87
-56 -88
-56 -89
-56 -90
-56 -91
-56 -92
-56 -93
-56 -94
-56 -95
-56 -96
-56 -97
-56 -98
-56 -99
-55 100
-55 99
-55 98
-55 97
-55 96
-55 95
-55 94
-55 93
-55 92
-55 91
-55 90
-55 89
-55 88
-55 87
-55 86
-55 85
-55 84
-55 83
-55 82
-55 81
-55 80
-55 79
-55 78
-55 77
-55 76
-55 75
-55 74
-55 73
-55 72
-55 71
-55 70
-55 69
-55 68
-55 67
-55 66
-55 65
-55 64
-55 63
-55 62
-55 61
-55 60
-55 59
-55 58
-55 57
-55 56
-55 55
-55 54
-55 53
-55 52
-55 51
-55 50
-55 49
-55 48
-55 47
-55 46
-55 45
-55 44
-55 43
-55 42
-55 41
-55 40
-55 39
-55 38
-55 37
-55 36
-55 35
-55 34
-55 33
-55 32
-55 31
-55 30
-55 29
-55 28
-55 27
-55 26
-55 25
-55 24
-55 23
-55 22
-55 21
-55 20
-55 19
-55 18
-55 17
-55 16
-55 15
-55 14
-55 13
-55 12
-55 11
-55 10
-55 9
-55 8
-55 7
-55 6
-55 5
-55 4
-55 3
-55 2
-55 1
-55 0
-55 -1
-55 -2
-55 -3
-55 -4
-55 -5
-55 -6
-55 -7
-55 -8
-55 -9
-55 -10
-55 -11
-55 -12
-55 -13
-55 -14
-55 -15
-55 -16
-55 -17
-55 -18
-55 -19
-55 -20
-55 -21
-55 -22
-55 -23
-55 -24
-55 -25
-55 -26
-55 -27
-55 -28
-55 -29
-55 -30
-55 -31
-55 -32
-55 -33
-55 -34
-55 -35
-55 -36
-55 -37
-55 -38
-55 -39
-55 -40
-55 -41
-55 -42
-55 -43
-55 -44
-55 -45
-55 -46
-55 -47
-55 -48
-55 -49
-55 -50
-55 -51
-55 -52
-55 -53
-55 -54
-55 -55
-55 -56
-55 -57
-55 -58
-55 -59
-55 -60
-55 -61
-55 -62
-55 -63
-55 -64
-55 -65
-55 -66
-55 -67
-55 -68
-55 -69
-55 -70
-55 -71
-55 -72
-55 -73
-55 -74
-55 -75
-55 -76
-55 -77
-55 -78
-55 -79
-55 -80
-55 -81
-55 -82
-55 -83
-55 -84
-55 -85
-55 -86
-55 -87
-55 -88
-55 -89
-55 -90
-55 -91
-55 -92
-55 -93
-55 -94
-55 -95
-55 -96
-55 -97
-55 -98
-55 -99
-54 100
-54 99
-54 98
-54 97
-54 96
-54 95
-54 94
-54 93
-54 92
-54 91
-54 90
-54 89
-54 88
-54 87
-54 86
-54 85
-54 84
-54 83
-54 82
-54 81
-54 80
-54 79
-54 78
-54 77
-54 76
-54 75
-54 74
-54 73
-54 72
-54 71
-54 70
-54 69
-54 68
-54 67
-54 66
-54 65
-54 64
-54 63
-54 62
-54 61
-54 60
-54 59
-54 58
-54 57
-54 56
-54 55
-54 54
-54 53
-54 52
-54 51
-54 50
-54 49
-54 48
-54 47
-54 46
-54 45
-54 44
-54 43
-54 42
-54 41
-54 40
-54 39
-54 38
-54 37
-54 36
-54 35
-54 34
-54 33
-54 32
-54 31
-54 30
-54 29
-54 28
-54 27
-54 26
-54 25
-54 24
-54 23
-54 22
-54 21
-54 20
-54 19
-54 18
-54 17
-54 16
-54 15
-54 14
-54 13
-54 12
-54 11
-54 10
-54 9
-54 8
-54 7
-54 6
-54 5
-54 4
-54 3
-54 2
-54 1
-54 0
-54 -1
-54 -2
-54 -3
-54 -4
-54 -5
-54 -6
-54 -7
-54 -8
-54 -9
-54 -10
-54 -11
-54 -12
-54 -13
-54 -14
-54 -15
-54 -16
-54 -17
-54 -18
-54 -19
-54 -20
-54 -21
-54 -22
-54 -23
-54 -24
-54 -25
-54 -26
-54 -27
-54 -28
-54 -29
-54 -30
-54 -31
-54 -32
-54 -33
-54 -34
-54 -35
-54 -36
-54 -37
-54 -38
-54 -39
-54 -40
-54 -41
-54 -42
-54 -43
-54 -44
-54 -45
-54 -46
-54 -47
-54 -48
-54 -49
-54 -50
-54 -51
-54 -52
-54 -53
-54 -54
-54 -55
-54 -56
-54 -57
-54 -58
-54 -59
-54 -60
-54 -61
-54 -62
-54 -63
-54 -64
-54 -65
-54 -66
-54 -67
-54 -68
-54 -69
-54 -70
-54 -71
-54 -72
-54 -73
-54 -74
-54 -75
-54 -76
-54 -77
-54 -78
-54 -79
-54 -80
-54 -81
-54 -82
-54 -83
-54 -84
-54 -85
-54 -86
-54 -87
-54 -88
-54 -89
-54 -90
-54 -91
-54 -92
-54 -93
-54 -94
-54 -95
-54 -96
-54 -97
-54 -98
-54 -99
-53 100
-53 99
-53 98
-53 97
-53 96
-53 95
-53 94
-53 93
-53 92
-53 91
-53 90
-53 89
-53 88
-53 87
-53 86
-53 85
-53 84
-53 83
-53 82
-53 81
-53 80
-53 79
-53 78
-53 77
-53 76
-53 75
-53 74
-53 73
-53 72
-53 71
-53 70
-53 69
-53 68
-53 67
-53 66
-53 65
-53 64
-53 63
-53 62
-53 61
-53 60
-53 59
-53 58
-53 57
-53 56
-53 55
-53 54
-53 53
-53 52
-53 51
-53 50
-53 49
-53 48
-53 47
-53 46
-53 45
-53 44
-53 43
-53 42
-53 41
-53 40
-53 39
-53 38
-53 37
-53 36
-53 35
-53 34
-53 33
-53 32
-53 31
-53 30
-53 29
-53 28
-53 27
-53 26
-53 25
-53 24
-53 23
-53 22
-53 21
-53 20
-53 19
-53 18
-53 17
-53 16
-53 15
-53 14
-53 13
-53 12
-53 11
-53 10
-53 9
-53 8
-53 7
-53 6
-53 5
-53 4
-53 3
-53 2
-53 1
-53 0
-53 -1
-53 -2
-53 -3
-53 -4
-53 -5
-53 -6
-53 -7
-53 -8
-53 -9
-53 -10
-53 -11
-53 -12
-53 -13
-53 -14
-53 -15
-53 -16
-53 -17
-53 -18
-53 -19
-53 -20
-53 -21
-53 -22
-53 -23
-53 -24
-53 -25
-53 -26
-53 -27
-53 -28
-53 -29
-53 -30
-53 -31
-53 -32
-53 -33
-53 -34
-53 -35
-53 -36
-53 -37
-53 -38
-53 -39
-53 -40
-53 -41
-53 -42
-53 -43
-53 -44
-53 -45
-53 -46
-53 -47
-53 -48
-53 -49
-53 -50
-53 -51
-53 -52
-53 -53
-53 -54
-53 -55
-53 -56
-53 -57
-53 -58
-53 -59
-53 -60
-53 -61
-53 -62
-53 -63
-53 -64
-53 -65
-53 -66
-53 -67
-53 -68
-53 -69
-53 -70
-53 -71
-53 -72
-53 -73
-53 -74
-53 -75
-53 -76
-53 -77
-53 -78
-53 -79
-53 -80
-53 -81
-53 -82
-53 -83
-53 -84
-53 -85
-53 -86
-53 -87
-53 -88
-53 -89
-53 -90
-53 -91
-53 -92
-53 -93
-53 -94
-53 -95
-53 -96
-53 -97
-53 -98
-53 -99
-52 100
-52 99
-52 98
-52 97
-52 96
-52 95
-52 94
-52 93
-52 92
-52 91
-52 90
-52 89
-52 88
-52 87
-52 86
-52 85
-52 84
-52 83
-52 82
-52 81
-52 80
-52 79
-52 78
-52 77
-52 76
-52 75
-52 74
-52 73
-52 72
-52 71
-52 70
-52 69
-52 68
-52 67
-52 66
-52 65
-52 64
-52 63
-52 62
-52 61
-52 60
-52 59
-52 58
-52 57
-52 56
-52 55
-52 54
-52 53
-52 52
-52 51
-52 50
-52 49
-52 48
-52 47
-52 46
-52 45
-52 44
-52 43
-52 42
-52 41
-52 40
-52 39
-52 38
-52 37
-52 36
-52 35
-52 34
-52 33
-52 32
-52 31
-52 30
-52 29
-52 28
-52 27
-52 26
-52 25
-52 24
-52 23
-52 22
-52 21
-52 20
-52 19
-52 18
-52 17
-52 16
-52 15
-52 14
-52 13
-52 12
-52 11
-52 10
-52 9
-52 8
-52 7
-52 6
-52 5
-52 4
-52 3
-52 2
-52 1
-52 0
-52 -1
-52 -2
-52 -3
-52 -4
-52 -5
-52 -6
-52 -7
-52 -8
-52 -9
-52 -10
-52 -11
-52 -12
-52 -13
-52 -14
-52 -15
-52 -16
-52 -17
-52 -18
-52 -19
-52 -20
-52 -21
-52 -22
-52 -23
-52 -24
-52 -25
-52 -26
-52 -27
-52 -28
-52 -29
-52 -30
-52 -31
-52 -32
-52 -33
-52 -34
-52 -35
-52 -36
-52 -37
-52 -38
-52 -39
-52 -40
-52 -41
-52 -42
-52 -43
-52 -44
-52 -45
-52 -46
-52 -47
-52 -48
-52 -49
-52 -50
-52 -51
-52 -52
-52 -53
-52 -54
-52 -55
-52 -56
-52 -57
-52 -58
-52 -59
-52 -60
-52 -61
-52 -62
-52 -63
-52 -64
-52 -65
-52 -66
-52 -67
-52 -68
-52 -69
-52 -70
-52 -71
-52 -72
-52 -73
-52 -74
-52 -75
-52 -76
-52 -77
-52 -78
-52 -79
-52 -80
-52 -81
-52 -82
-52 -83
-52 -84
-52 -85
-52 -86
-52 -87
-52 -88
-52 -89
-52 -90
-52 -91
-52 -92
-52 -93
-52 -94
-52 -95
-52 -96
-52 -97
-52 -98
-52 -99
-51 100
-51 99
-51 98
-51 97
-51 96
-51 95
-51 94
-51 93
-51 92
-51 91
-51 90
-51 89
-51 88
-51 87
-51 86
-51 85
-51 84
-51 83
-51 82
-51 81
-51 80
-51 79
-51 78
-51 77
-51 76
-51 75
-51 74
-51 73
-51 72
-51 71
-51 70
-51 69
-51 68
-51 67
-51 66
-51 65
-51 64
-51 63
-51 62
-51 61
-51 60
-51 59
-51 58
-51 57
-51 56
-51 55
-51 54
-51 53
-51 52
-51 51
-51 50
-51 49
-51 48
-51 47
-51 46
-51 45
-51 44
-51 43
-51 42
-51 41
-51 40
-51 39
-51 38
-51 37
-51 36
-51 35
-51 34
-51 33
-51 32
-51 31
-51 30
-51 29
-51 28
-51 27
-51 26
-51 25
-51 24
-51 23
-51 22
-51 21
-51 20
-51 19
-51 18
-51 17
-51 16
-51 15
-51 14
-51 13
-51 12
-51 11
-51 10
-51 9
-51 8
-51 7
-51 6
-51 5
-51 4
-51 3
-51 2
-51 1
-51 0
-51 -1
-51 -2
-51 -3
-51 -4
-51 -5
-51 -6
-51 -7
-51 -8
-51 -9
-51 -10
-51 -11
-51 -12
-51 -13
-51 -14
-51 -15
-51 -16
-51 -17
-51 -18
-51 -19
-51 -20
-51 -21
-51 -22
-51 -23
-51 -24
-51 -25
-51 -26
-51 -27
-51 -28
-51 -29
-51 -30
-51 -31
-51 -32
-51 -33
-51 -34
-51 -35
-51 -36
-51 -37
-51 -38
-51 -39
-51 -40
-51 -41
-51 -42
-51 -43
-51 -44
-51 -45
-51 -46
-51 -47
-51 -48
-51 -49
-51 -50
-51 -51
-51 -52
-51 -53
-51 -54
-51 -55
-51 -56
-51 -57
-51 -58
-51 -59
-51 -60
-51 -61
-51 -62
-51 -63
-51 -64
-51 -65
-51 -66
-51 -67
-51 -68
-51 -69
-51 -70
-51 -71
-51 -72
-51 -73
-51 -74
-51 -75
-51 -76
-51 -77
-51 -78
-51 -79
-51 -80
-51 -81
-51 -82
-51 -83
-51 -84
-51 -85
-51 -86
-51 -87
-51 -88
-51 -89
-51 -90
-51 -91
-51 -92
-51 -93
-51 -94
-51 -95
-51 -96
-51 -97
-51 -98
-51 -99
