500 500 10000
261 153
472 373
33 -492
370 325
222 -68
-43 452
-269 109
243 -9
-117 -315
247 376
-460 285
121 -487
341 -255
115 -73
-288 217
120 42
328 220
-37 -430
-302 53
-381 -240
-197 106
437 392
466 -368
-102 343
454 332
89 -355
-154 -76
-400 420
-94 -62
300 -135
-430 -240
-442 423
487 -309
-496 -106
445 -306
138 217
45 -11
-468 407
67 -481
163 -248
70 -476
261 287
-345 477
396 -306
231 300
-253 187
-448 -281
-56 472
-457 128
-135 179
217 338
-381 123
-142 405
161 177
68 -280
293 67
-81 -403
344 298
-439 -340
-472 -288
-145 -159
118 480
11 354
-223 187
-297 238
396 -64
-201 -283
332 180
-276 -457
-152 -162
422 339
-292 -465
150 -349
-296 -170
-217 123
-457 141
157 -454
-144 372
382 -107
-413 184
352 -279
412 -228
35 -215
398 -392
296 -403
122 -327
8 362
419 -333
-182 201
418 -292
-83 180
-33 -457
-162 -379
435 -389
-367 192
235 489
188 185
482 366
-153 -374
31 201
-286 265
149 193
314 489
419 -212
-435 142
157 -212
47 -84
365 491
-468 -264
-265 324
485 -410
294 22
-465 -259
123 140
252 -204
-3 -494
-81 -148
306 261
70 21
295 368
429 368
-187 99
-122 494
-311 329
344 -265
196 -392
-91 332
-119 499
-309 -379
150 -94
-461 -19
-158 -247
296 -40
-296 85
48 -142
409 -392
107 209
-281 -196
192 24
-443 -487
155 371
-84 -140
-258 461
493 366
264 277
88 317
-366 -119
372 -153
-258 -357
-387 -471
-126 -201
-257 53
334 494
241 266
392 -90
122 49
411 -77
459 -329
337 -26
428 92
-453 343
493 487
-221 -317
400 30
-151 156
-175 -430
74 274
275 264
292 -321
-52 -131
8 -80
-181 -245
-204 266
-39 -421
-213 217
-413 -366
98 -416
226 264
343 -383
372 318
491 -485
-184 -129
-5 102
334 -432
-104 -429
107 -246
148 -474
404 -23
-252 346
491 -364
436 -300
-266 182
64 57
-313 107
-418 -175
-492 -161
402 -177
-330 -355
281 -467
-256 -406
-12 220
356 350
-224 -225
10 -287
-455 -121
144 467
422 152
177 -174
261 463
-484 346
-162 131
-300 -328
-56 298
-292 287
-490 -223
-187 -451
184 -13
454 -418
46 -472
-92 52
285 -456
381 6
-497 3
174 -58
485 329
394 -55
-456 -454
397 216
-420 -272
75 -64
-177 129
112 3
-105 234
318 337
253 -287
239 -222
-238 119
406 -45
481 -460
-283 376
367 458
-213 -346
169 -281
224 180
485 450
251 283
-81 -456
-481 -161
-149 312
448 302
198 127
15 191
-257 -268
95 -338
375 -55
-241 -324
-370 -209
6 -447
-178 -268
80 256
66 129
-435 -153
-358 30
-375 386
-23 -209
334 294
279 358
227 -98
461 -160
158 68
110 320
125 -109
298 -447
-121 -394
-28 -203
-405 -153
173 -442
109 68
-120 208
-254 -21
-411 -493
365 -272
269 -209
-356 -32
-437 43
139 -319
-481 202
-266 -139
331 -149
66 371
-143 -32
27 -375
-369 -375
99 -270
68 151
40 318
119 382
370 -36
-198 446
-376 -378
460 123
381 -436
496 -449
-344 328
-119 446
257 437
11 -262
214 -428
486 31
-194 272
310 34
-268 94
425 -208
-25 495
166 -203
-46 143
322 310
427 -428
-351 -493
294 211
354 262
-195 -246
-350 -120
274 498
167 -382
-497 392
423 -197
-21 92
345 149
4 -144
-390 -300
-487 -233
63 436
385 221
467 260
472 375
341 -374
-284 -426
-408 -233
-283 176
56 167
-137 1
-115 -469
363 324
303 44
306 -476
127 47
-159 -310
182 -246
173 163
-154 -195
431 458
305 319
398 281
76 230
-373 175
-91 -176
62 103
-444 -294
-95 119
-288 -10
445 -425
264 466
465 456
-294 175
31 -294
495 335
192 334
479 -427
252 348
-359 460
200 -71
179 -194
179 -423
273 407
-87 -165
109 -482
-447 -471
174 -124
69 348
17 -71
-258 -276
-420 -109
72 -401
347 -425
-369 122
226 -486
-132 -460
-246 458
162 -471
-413 52
134 450
-238 -176
-329 194
445 -183
255 -307
-96 173
-137 135
444 -408
83 404
449 461
-424 307
218 -455
-306 299
-177 184
-82 192
-213 -291
-184 181
-5 412
177 123
28 -229
-237 254
90 420
157 -344
43 308
48 423
404 287
27 -454
483 351
-381 246
371 -119
-450 146
-20 -270
-10 189
485 397
-448 192
-197 -455
-132 -326
102 -388
-234 -108
332 303
354 -167
390 244
-455 189
422 462
370 -223
17 184
340 -395
157 -102
489 408
-335 -39
231 -382
-179 -280
406 373
-45 208
169 137
-158 -487
494 193
-222 23
-7 -89
204 131
-462 270
-459 -213
96 -220
79 136
-74 -372
-195 -433
-171 -39
-395 445
54 308
-199 -138
-265 -492
-305 375
-274 -312
-486 -195
-99 214
-476 493
193 -432
69 -202
98 499
-382 -138
-200 -390
-410 -200
-171 82
-6 -376
-32 160
-373 -133
-251 -436
-301 -28
-323 213
-282 -15
-375 -243
442 16
-1 268
-455 -495
-371 -124
-175 -441
-27 440
317 250
243 -194
485 -166
382 150
-14 150
-200 -269
211 268
-152 216
142 434
362 437
324 -84
-167 93
309 -207
-58 494
474 -140
-473 -14
-41 168
36 -137
253 386
454 376
-102 -71
168 -247
-108 -145
-328 -414
-373 109
-67 152
-169 104
428 94
106 43
-73 -188
-486 168
460 312
364 338
183 -491
-156 -186
-449 464
384 438
-84 104
-91 -350
239 -475
98 -414
-293 -299
-283 123
400 153
-106 -473
188 -255
-87 -460
-41 410
265 -72
394 -416
289 56
434 151
310 344
-472 345
-171 -481
133 -70
477 -297
-184 -6
499 -13
12 -360
-88 456
-365 -347
-14 405
-66 -51
-72 171
-49 303
340 115
59 102
386 231
381 -113
-184 115
-98 -111
-1 -174
-396 195
421 454
-416 -43
434 164
-196 -3
46 -241
304 283
464 43
-109 410
-37 -239
340 236
288 46
-62 -67
320 -2
325 342
-7 -397
232 -115
-384 -347
-112 -154
498 4
-89 473
30 424
-113 -113
319 298
-495 -444
52 -46
-394 362
41 -464
-243 -223
-152 -105
-441 -208
-32 -40
-259 -460
-418 190
158 -172
254 -464
-61 427
462 468
405 -66
88 -2
360 191
487 232
159 -351
-318 478
334 175
-461 -325
194 -394
-164 -102
273 -330
-424 496
-476 77
47 -148
215 -335
-243 19
-367 249
481 -445
-447 -269
76 -494
-387 270
-2 81
-489 -266
-40 -440
-379 94
-314 260
43 497
471 422
438 474
-399 -252
341 312
-349 -135
201 9
-267 -325
459 304
261 -206
-314 -437
-190 -142
-20 269
114 269
-442 51
-12 -99
-332 448
433 251
101 -488
-338 145
-318 -435
-490 276
74 89
363 -37
24 497
325 -329
46 256
-405 320
459 425
-460 155
379 -93
477 442
-296 492
186 -488
48 36
304 -267
120 -88
199 205
-216 -303
-113 384
-316 284
413 -95
45 -491
298 -82
201 22
397 -332
-171 379
390 446
357 498
-31 -365
-384 271
-225 264
362 -434
-187 290
5 231
-28 54
302 -71
457 -426
123 452
252 108
90 46
477 455
-430 -478
166 270
-87 -176
-321 -306
377 224
96 -18
22 -4
457 -305
236 221
313 -313
189 -120
156 -297
-376 108
-37 -426
-18 -413
-194 -410
205 90
-189 -295
-220 355
480 -200
191 -303
-181 54
-212 -279
385 465
-364 347
-173 -351
-380 339
-444 -400
478 104
194 116
6 294
37 398
-180 -354
-112 9
-204 457
319 232
-141 -278
5 -224
10 -109
194 466
-290 124
-445 250
-82 73
-258 76
12 -292
-324 -278
-109 -353
223 -109
-407 -276
405 -361
80 -158
-196 173
-320 366
-358 -155
-243 -168
-432 -333
-219 189
-73 243
-386 -217
-235 -48
207 297
114 -160
-442 -378
-38 237
172 -219
-387 83
-71 60
96 466
-309 417
369 66
71 409
-237 256
277 477
15 477
-42 -286
-106 -42
-342 -53
174 241
291 -406
-120 -206
246 117
251 232
430 463
391 -54
33 238
-378 438
-151 -337
-5 -283
-293 482
-101 423
257 -98
-87 92
204 241
-486 -206
-63 -103
99 484
240 -331
-96 -280
23 -329
-299 -380
126 321
-146 -101
-165 -380
303 -275
-391 -198
445 303
-108 -398
-464 492
337 -277
-314 436
-390 -377
-266 -82
-471 223
77 -497
354 77
113 -278
-78 154
343 413
-378 -138
169 260
458 134
274 313
291 -272
26 211
98 -438
-142 -154
-22 436
-19 -313
-353 336
-107 -426
-429 -477
-471 -474
272 -393
-439 498
-398 270
-477 -252
235 -312
-467 170
-445 -71
-58 375
-404 -299
229 139
-473 -133
-277 -487
377 37
146 141
-350 -292
90 -20
-356 388
258 -207
-288 -195
-431 -15
132 327
-145 -476
-341 -351
416 -143
149 -487
287 386
171 440
450 -374
-32 -414
-71 -369
335 53
314 -70
-457 -176
38 32
57 45
253 -309
-4 -194
371 -317
469 -11
106 -63
-156 166
-481 406
491 -481
83 219
155 -430
358 158
12 -250
-250 -479
219 228
-261 -409
315 461
387 -188
-54 335
-152 -237
-464 -58
289 408
-296 -474
163 40
297 269
-195 66
-190 181
250 453
322 -196
-289 -350
-160 -465
-475 426
368 -309
15 290
239 -460
-372 -348
-18 -116
-216 -101
-473 243
-129 53
196 338
380 -70
-21 -414
-453 -337
-275 -294
33 -178
346 282
-422 410
-101 236
-111 -452
-272 354
-370 -447
153 -406
-470 369
-398 -280
-234 -172
73 244
362 118
-20 -213
-277 -98
36 362
-272 246
-281 426
-319 -95
209 290
264 -40
322 -62
170 69
-390 375
298 483
-208 -143
320 242
48 -446
-44 -35
492 470
127 -446
450 473
44 -215
412 -48
-378 -433
272 -351
444 -96
-241 -199
464 -410
-126 313
3 198
-145 34
264 202
-211 -320
248 -35
-69 29
-176 -326
-232 -258
-305 432
-367 -446
-147 -443
-352 91
-409 -443
314 440
-266 -135
9 -159
-224 276
242 -217
-42 24
82 319
173 -88
44 27
118 -253
-180 319
-461 -189
-241 43
53 261
380 427
-320 -479
-417 83
-439 324
-155 -146
-271 -92
9 191
-46 255
-203 -483
17 -443
-102 94
316 -147
435 -196
44 148
283 -324
-446 284
183 492
343 481
-259 147
-297 -145
127 -312
236 89
-90 333
230 -443
-82 -72
-96 30
367 -209
-98 -309
-88 150
25 27
33 -378
489 -327
-208 462
236 -19
-86 -70
287 441
414 253
-183 -3
-352 225
-235 -422
-129 -26
-399 113
-29 -317
480 -211
-19 105
-377 397
-267 40
-432 461
421 148
-457 -350
-196 -80
-328 -465
57 -129
-334 -14
409 30
271 -200
483 -21
362 -82
-401 161
27 113
-273 346
-378 64
19 -300
-334 336
-241 298
103 108
-7 236
-59 46
-472 402
426 -434
-321 46
486 -420
119 52
45 -126
-5 282
284 156
430 210
-57 -174
-300 -161
345 -423
-44 -464
355 -193
272 38
277 116
-329 306
20 231
51 -456
-283 193
54 -185
312 339
-406 59
-81 -410
-7 -461
-162 419
283 52
-471 -151
-172 411
146 -246
-224 -45
-321 59
-96 406
408 168
191 170
237 57
-47 298
99 352
-206 -284
181 125
76 368
418 -420
459 106
431 7
-180 119
279 404
62 -348
297 229
-142 -407
-335 -48
-22 183
-165 -391
332 186
421 -294
338 -63
452 -42
443 404
358 -229
365 484
399 -457
24 420
294 15
-18 194
109 235
-32 259
-273 -96
-120 146
365 -334
-282 -145
480 178
-214 484
-398 -91
395 -455
154 422
-311 322
229 -222
41 -273
-353 325
-465 -145
-470 -489
30 -203
-163 -332
-87 215
-408 -429
75 479
56 -29
317 12
330 -278
63 132
463 251
-356 148
-255 200
227 203
-26 -206
-321 -383
298 -146
93 388
-349 43
-482 -72
343 307
-196 -267
145 -203
301 310
332 -377
-293 -200
493 480
240 -195
-230 -373
-490 454
91 -318
-231 -369
371 490
445 439
-278 44
11 -82
453 34
-260 98
170 -318
342 203
63 -444
95 -492
-107 -182
-314 -246
-125 444
80 -356
434 -87
19 -366
-251 -190
-105 -136
258 -313
-219 -238
138 36
-351 -192
-349 406
26 -471
-203 -294
466 -199
-200 -23
58 -482
-154 93
-6 -238
178 337
176 -490
-339 47
-270 -348
-413 -131
456 -473
69 286
-24 58
-165 119
-148 -466
158 -194
-174 299
364 -355
-103 179
-480 229
-363 -418
24 -9
487 -248
-461 242
280 -312
464 34
-386 -402
-62 -76
67 -420
-456 -461
344 117
366 -124
297 42
302 349
291 456
-158 135
-334 404
-238 112
409 448
-391 -396
271 -240
-53 -401
432 351
139 -460
-135 240
33 53
29 348
-438 -350
-68 415
-290 73
301 -11
466 56
471 171
185 -452
-383 259
124 -462
198 241
160 -280
192 -62
271 231
233 -290
-290 423
-230 474
-17 -465
124 477
117 -465
284 466
-258 375
251 289
110 313
-131 187
366 10
-252 -103
111 -280
-154 240
314 308
336 -162
465 -277
19 131
-234 -278
478 416
99 -398
-478 493
95 -103
191 359
394 193
246 66
-439 -37
386 -449
-270 149
-322 -41
354 13
316 -279
305 -401
-301 -211
-216 -433
-289 257
253 311
60 -84
-83 133
-354 276
-278 -372
112 -446
-232 -256
-442 -66
-98 498
-90 93
216 -389
-183 -364
279 -333
-91 393
137 486
-25 -330
-223 -315
-273 93
420 -438
203 -207
-477 34
-274 -132
72 276
-30 265
479 142
-299 -189
-349 219
248 209
239 389
354 376
383 -384
-209 -259
453 89
250 26
253 -494
-147 -199
405 314
-211 45
-349 111
-14 330
-193 99
163 -266
383 -263
-448 -420
407 94
369 -427
-218 42
-461 284
-287 171
-26 212
-40 48
-63 330
221 -140
-132 230
212 40
437 387
-93 -71
256 -183
-104 -489
-331 286
-146 -486
217 91
117 153
313 -201
-106 -185
-176 281
-396 12
47 -236
-325 -108
136 287
-55 -476
483 331
65 -411
-193 462
227 -413
-38 107
-231 -59
22 121
-193 233
283 162
42 -422
424 -357
-113 -296
5 -341
-403 359
-405 -468
-32 -223
-482 480
-443 179
-347 -113
369 -172
-108 169
-55 -5
234 -131
-317 -234
421 -305
-321 290
362 54
-469 -103
-423 13
40 -226
463 -123
-425 -97
-269 -338
27 478
72 -274
261 416
149 -54
-325 255
-303 -215
-432 -100
87 465
1 196
-436 195
16 -233
-359 -339
-384 -167
-7 -446
306 14
-159 -49
-426 -164
479 -58
-369 370
-350 383
-459 -341
179 175
-121 -346
-23 -40
-259 -51
-240 -38
-290 370
-89 -394
-340 24
-392 -166
-227 -99
134 -120
461 9
-133 -464
-52 427
361 -158
-247 -41
-127 253
-266 -320
-239 -446
-377 78
-303 27
-33 -341
-64 309
297 -466
299 132
-154 -402
385 -94
161 427
-359 -97
-227 22
111 -212
496 -401
441 -337
396 415
59 -402
449 12
349 74
-174 -196
440 -37
-37 304
412 -99
-72 -212
-59 -273
-188 -387
428 -155
89 150
106 -435
-454 -129
-24 -316
-482 38
160 30
-162 -21
-181 -263
-102 30
-345 43
236 25
227 205
77 446
-269 38
326 -45
176 425
9 248
-445 -188
-299 -363
-344 389
418 -42
198 443
-55 263
-479 -65
123 269
-461 -11
-81 -19
-353 -478
-408 -414
88 433
-165 -13
237 -262
192 490
159 84
145 -80
-471 -349
253 -318
-489 48
156 -480
460 426
185 221
-366 347
284 200
-60 161
13 151
-498 -65
238 498
-53 285
57 -72
313 -146
-86 108
-461 231
79 -313
-169 110
-37 -488
245 393
255 -380
403 -482
260 -302
430 146
-310 -418
379 329
-292 161
-466 237
-489 290
459 -200
-403 293
139 347
304 -74
119 109
-421 424
255 -488
265 -66
-439 -182
325 -15
-377 467
-131 -66
421 447
-233 -343
498 -124
-447 408
2 463
236 401
-284 -123
-105 108
230 98
166 342
-450 73
-137 304
-268 -408
-88 462
311 171
355 -15
-177 353
-306 468
-279 76
-441 -215
-185 -289
183 -122
-120 -160
-67 -297
-492 -32
163 165
-50 286
76 425
-496 199
390 63
-18 9
18 191
439 -304
-263 178
427 359
-184 471
-217 294
-98 245
-434 296
-472 -225
-341 258
438 225
-295 374
333 468
80 251
85 366
71 468
-55 63
-468 -335
-215 -155
-449 -322
-372 127
-138 65
-329 497
-447 -276
-478 145
-12 -348
400 -175
345 -111
340 -455
200 474
-41 -147
387 300
-207 315
147 318
163 299
75 415
460 -3
74 190
-473 -437
-251 430
-50 420
-265 495
-33 -165
60 26
-110 140
-219 382
440 18
486 134
31 493
-422 -270
120 -216
72 36
-40 -434
457 372
419 80
176 359
-216 -431
377 83
426 241
462 -102
-102 -144
448 -495
-392 -206
-384 372
-365 385
-472 259
72 157
-329 -187
-40 -313
-145 159
-68 -146
-266 98
-328 452
-471 403
181 329
377 -25
-33 77
-20 275
236 -28
-86 -79
-150 431
-384 264
-477 36
194 -25
273 268
-263 -264
-38 -146
-258 -415
-248 44
247 252
467 255
333 26
-348 42
119 -78
-332 -243
314 -361
217 201
150 211
356 279
-436 50
-188 -77
226 435
-142 39
133 -22
458 -491
231 284
-401 44
294 340
-145 -296
126 -291
-375 181
225 -312
175 96
101 -119
252 -475
-32 -234
-390 58
-488 -477
-82 -55
-79 445
14 407
397 145
273 -416
-333 -226
44 286
-462 -111
-452 348
9 -489
-435 -237
71 160
308 -193
-41 -347
-153 415
346 99
29 163
-169 407
-400 -280
18 4
9 450
334 -19
-368 463
-313 399
62 -478
475 -309
-21 -476
182 112
-154 163
326 -432
25 394
245 -357
379 397
324 461
267 -73
-232 243
-458 425
13 -478
44 -411
-497 -55
136 -408
370 -470
53 -177
214 185
336 -347
406 126
268 421
388 -480
376 220
-202 472
310 -400
-351 120
-222 5
394 8
58 59
347 -67
-379 -208
452 -51
474 -292
259 -180
-397 418
-449 -267
-432 -98
459 110
-465 -275
197 -156
491 62
422 228
-396 498
-11 309
457 414
488 -236
457 185
-295 321
341 239
406 368
454 116
-161 257
-34 298
-334 -223
-375 -490
278 304
-467 -79
92 -344
400 -228
386 -392
148 194
487 185
160 -210
170 478
27 -325
-180 365
276 416
-218 -156
200 -397
324 -102
-448 321
37 -159
-445 -199
-271 -275
96 -104
27 -204
288 362
329 134
-59 -271
199 253
-379 47
-128 -371
-159 316
240 -204
-333 392
-151 140
-277 -494
-65 -315
308 196
8 -96
-262 43
132 -30
-498 -197
-476 -438
-438 -146
324 140
-182 -486
-227 266
136 89
-148 330
-2 384
-467 55
362 -386
381 -373
176 427
312 -207
-179 199
320 -383
-344 391
349 89
-9 381
-159 -381
-97 268
412 374
85 -250
274 440
112 -376
-284 -376
313 -386
15 -80
-92 -435
345 320
-445 -65
-420 -301
-213 443
-3 -13
444 447
76 51
-177 -129
184 -150
-241 344
-282 343
175 30
-464 43
-395 -352
-156 -70
-342 -489
-385 107
441 -80
-495 464
-337 -411
380 -90
-305 -193
-52 -13
-14 279
-276 279
-314 -242
-407 -470
-168 -188
219 221
470 -426
-191 57
-153 349
-489 400
492 -142
263 35
-229 -464
-441 -347
-326 -360
-376 48
362 -23
-426 456
-197 279
-161 -293
-428 -408
-244 -62
466 -195
242 326
247 441
-56 403
30 177
276 95
87 -70
460 441
-87 -223
207 -5
-208 -284
-148 -233
361 -356
297 154
94 54
460 -377
295 -185
-149 67
415 109
-466 360
2 465
-228 -226
-186 414
-446 -220
459 -77
113 -485
128 -177
-172 -469
-189 -113
-437 -215
-181 236
-264 -287
204 -182
-245 480
-191 191
13 -302
329 -66
-475 -386
-398 -166
144 -112
-338 -115
-209 295
-242 118
489 337
229 -297
198 124
-74 -335
65 9
252 -165
375 -58
499 237
-252 -220
56 -104
314 191
-335 -218
413 -355
-322 -279
-293 422
481 -450
-106 19
293 253
86 189
31 253
218 79
326 -122
226 -289
-234 -45
-284 363
43 492
476 -178
271 356
238 179
128 307
-452 -268
76 -149
-155 -45
70 73
-6 492
451 179
-270 382
476 -286
434 -283
420 -218
-43 317
-11 269
-283 -190
-363 312
248 200
-38 -157
-382 33
339 -436
-55 199
-484 22
256 -205
-18 495
54 371
-430 -496
-167 143
492 -221
-54 20
-366 -67
124 -203
430 69
-243 498
165 323
269 380
-329 -64
304 -380
-183 -10
202 -428
-285 -21
116 323
-299 44
157 95
-234 439
-151 -21
-484 264
454 318
295 -264
357 385
-292 205
453 93
-136 452
227 275
-90 339
446 319
243 219
163 -33
58 -315
-52 42
-245 401
462 34
-187 -412
-330 -424
272 -90
-398 344
362 -197
248 455
228 -12
-139 460
122 235
411 109
115 47
445 -307
-178 468
-33 334
-109 -479
22 4
-410 347
140 225
-344 -117
-91 63
346 101
-436 294
51 -342
-302 294
-340 -227
343 -197
-338 -181
435 294
-374 -104
-335 -405
-215 -111
-186 361
323 467
440 -409
67 -240
-365 -163
-300 195
259 -70
-264 -111
-388 348
479 -296
391 -180
-83 -63
175 461
-59 294
-45 192
478 233
109 107
4 350
477 8
-115 133
444 -169
260 10
464 -483
5 -95
-204 -232
276 405
403 180
-273 -332
-70 -498
-26 -455
254 -172
400 -347
162 239
-5 -167
371 120
324 8
434 -349
-84 -275
62 8
296 -54
-263 248
492 -408
86 136
-367 -398
359 2
-302 -269
268 -382
-379 36
-448 202
298 -274
80 -497
246 475
199 134
-109 18
-85 375
106 -323
-252 -31
80 442
-160 201
-401 -154
377 -89
416 -161
302 -263
412 134
398 199
-268 375
-480 -33
425 -156
-370 98
72 443
263 -218
-145 445
-486 -77
28 144
437 83
-52 -374
149 -384
260 386
326 -41
-115 -309
382 497
143 -14
165 499
58 -381
416 81
96 -89
71 83
-342 439
-306 96
-91 -245
392 -91
-95 279
189 -191
-266 168
-165 220
-490 -358
329 499
444 449
82 -196
-488 -312
-326 -479
446 495
-139 -424
26 -357
361 -367
399 -75
-276 281
-374 -291
228 43
336 -424
-411 -173
29 99
-153 -467
315 -362
-67 -427
141 -249
-179 335
-255 -478
-465 466
-164 -360
488 -434
-116 354
-132 -408
28 -419
420 334
-373 469
-279 -162
82 -183
-51 -298
-447 -298
-240 -463
97 354
-459 402
427 229
-222 -180
-346 279
-1 -177
287 -303
-250 -242
-420 -165
397 94
-443 346
493 -198
116 -185
-402 -111
-196 223
-201 -121
57 174
401 -16
308 -244
-143 -409
-307 126
247 -483
417 -72
250 -249
-96 346
-26 -413
435 470
-481 -54
66 115
181 65
341 54
451 -303
368 157
179 -8
93 -48
-31 411
-451 -404
-391 -390
247 -362
389 216
-373 -336
-115 188
-93 472
497 -480
-25 347
92 -300
-123 -454
69 -284
-289 8
-339 187
-248 -449
316 -407
385 -48
-142 472
119 476
-222 183
163 290
-374 85
498 243
61 242
78 -343
93 -35
-157 19
127 -451
440 9
147 430
310 -330
-360 370
428 -109
-459 -161
-55 188
404 473
63 180
-331 24
276 473
-461 -86
-477 -323
111 76
450 -458
42 242
-283 -309
-82 -319
-490 381
-184 -330
-325 448
41 -212
453 -39
141 369
48 -88
-186 -255
-376 -150
-285 -32
-418 -147
-415 -142
261 141
398 146
444 33
-464 -142
-244 -139
-160 269
294 439
-322 207
-341 -301
192 199
178 264
252 213
183 379
47 -485
200 -206
-20 279
291 141
-255 382
-226 -378
216 -262
-467 462
51 344
438 -442
-345 344
-108 -201
-199 169
195 -429
186 -249
-219 -69
-405 -488
254 151
371 -496
-346 -137
41 272
-93 43
237 -82
-328 -120
35 457
415 -76
319 -13
-105 154
492 -85
170 -136
-64 -303
-202 -8
-240 -300
-96 388
-423 -236
64 111
265 -128
-112 -115
-355 164
25 385
434 324
317 -490
-416 -112
-122 -123
456 -412
-413 -70
142 152
395 332
118 -471
-68 342
-197 457
450 39
-450 11
439 -379
-354 -281
143 296
-258 -48
22 6
-109 -477
460 -320
391 -420
341 -12
160 -353
-266 478
169 -348
310 -409
-38 342
166 -417
135 4
498 -173
420 402
-22 57
184 391
-41 -222
346 224
365 466
-438 -410
-357 481
-91 307
-224 -37
27 -455
-84 -286
217 -358
193 251
58 292
-1 12
102 69
79 351
476 -242
-281 -450
-396 -437
68 192
-106 305
197 -152
-177 -393
12 68
213 58
-403 -211
276 -411
235 -449
-283 -375
121 240
-94 315
-482 -90
-181 -391
242 -288
209 -465
338 174
453 -105
164 -208
-150 127
-329 -141
-164 192
218 257
39 26
-302 -267
-179 -160
98 377
151 203
63 356
-42 74
462 -164
211 254
-359 138
128 485
260 375
-136 146
-238 -390
53 82
278 429
309 -221
171 74
279 -393
-179 -39
242 -46
65 321
137 426
113 69
214 -374
48 -141
142 -277
450 -390
-146 259
-454 106
297 -218
-195 -192
173 -25
164 155
175 21
345 203
451 370
251 -213
85 -17
-84 211
-143 -433
29 88
-186 163
-499 -297
428 93
-90 396
-37 -495
391 440
-225 208
28 388
143 109
-76 -487
-52 -130
58 -487
-347 -307
214 -11
30 168
-330 -138
-427 -300
343 -382
73 -243
372 319
-43 -189
237 -135
495 389
-443 106
44 453
346 266
117 443
14 -473
-54 332
-245 -468
329 -196
64 58
435 459
-457 63
-435 -178
300 42
88 -137
341 -186
332 223
-86 235
299 46
230 212
-97 -412
54 -14
-53 -406
-356 -407
485 209
-233 -108
-366 -452
349 -241
426 -250
-147 117
-67 -183
279 225
-258 249
292 164
-286 187
-150 -181
378 -62
-46 -353
-494 423
-279 311
24 120
-475 436
-37 110
106 418
442 -414
180 -414
493 46
-402 362
-490 249
19 126
404 462
-235 246
439 -69
427 365
110 429
111 -164
-383 496
-490 141
-234 -162
-143 185
421 -2
435 -333
-163 -282
24 -456
-212 499
-347 311
-402 375
-151 -43
-39 427
382 191
330 1
198 370
10 319
-405 77
472 350
-172 19
-103 -376
-72 -272
351 -169
-136 201
-1 430
-305 429
-133 -282
158 190
226 65
317 183
-127 435
-244 -379
224 -274
143 30
427 -440
363 70
-78 327
228 -384
-163 -269
114 497
319 -266
320 373
323 -147
479 366
-280 314
432 25
-432 216
22 -368
266 258
-441 396
-154 -328
-345 333
300 -158
52 -260
164 -19
112 -209
-246 83
411 87
-298 -373
263 -40
-236 276
323 -26
404 -330
-412 50
124 30
413 -96
5 338
-443 -81
94 -371
-256 -255
-311 -191
444 156
404 -209
-97 -491
419 328
312 -27
349 498
-300 -406
-168 -21
396 -208
-261 -478
-260 161
53 392
-496 -116
142 -88
238 -380
441 208
97 169
298 159
270 326
-308 349
-365 -185
303 274
108 35
44 279
190 -421
291 385
401 28
-172 395
-3 -62
229 -493
-114 336
175 210
288 87
-450 -108
-244 226
-170 -54
-220 354
-272 164
339 52
-281 115
204 -136
400 -490
209 -21
369 -69
-275 -134
-273 464
-144 349
-237 -108
-60 -475
381 170
35 -467
213 -195
-136 -349
-269 -464
474 -420
-233 -282
295 -126
-366 -397
-179 -305
126 65
-349 -228
-363 -355
-9 -123
175 223
32 -351
371 -131
-92 108
-111 -400
486 -410
436 -2
329 -128
95 -295
-418 352
-346 457
-167 -295
306 -112
457 286
438 44
37 -300
295 224
-39 119
295 -5
-27 -56
436 348
-175 460
305 -364
-318 411
-236 -274
75 113
-481 124
80 191
-495 -40
-402 188
61 -51
336 -112
-463 178
-179 -292
160 -338
13 -351
-409 414
412 -117
95 -53
-258 317
171 -58
-242 298
355 288
212 -286
262 60
388 -353
288 463
193 374
-72 -338
-420 376
-94 317
138 -343
-129 -458
-141 205
19 194
-253 -265
-181 -389
-221 478
-479 -312
-378 -260
126 -498
48 -152
58 307
259 297
-274 -432
-283 -252
-230 -389
-115 -439
-473 -376
41 -155
-470 -371
94 -329
32 25
-402 -496
374 -275
57 -211
-394 -147
-76 428
-417 -94
-118 202
-352 35
-294 205
298 -149
5 272
-391 43
-276 30
68 328
-158 -15
-301 202
-208 393
411 142
459 -339
-458 218
115 -378
-453 333
-147 -378
422 -221
-27 441
148 442
449 141
306 -433
-297 -201
486 208
470 -325
-373 218
434 18
-50 -95
382 -438
239 -487
-73 -79
-146 382
-60 385
322 487
-272 -252
454 377
11 36
140 -79
-146 -436
-196 -257
-344 -421
282 270
139 450
343 -272
403 -258
-318 -18
64 47
-446 470
145 386
-99 -469
-380 43
-493 -423
-290 -64
-448 -7
44 455
-199 468
-330 -15
-205 165
6 348
-447 -415
-10 111
-337 -284
-71 -128
-453 -230
75 -74
-178 -291
-435 -176
401 96
-375 363
146 -194
373 -3
409 445
-386 -284
431 -291
169 -62
-423 63
348 -60
458 -417
31 233
471 276
228 289
148 -229
-345 -391
252 -401
-373 -224
-346 404
-48 -168
-24 189
-57 241
214 246
-127 182
24 351
313 225
189 418
271 228
-450 431
188 459
-447 -52
-268 179
403 -111
353 297
246 171
177 300
488 -67
405 164
56 -219
-96 -347
33 292
-394 484
-405 66
-391 -265
-436 487
-433 -262
-62 176
-269 -154
194 -393
223 308
364 247
455 -352
-127 195
148 134
-267 -108
5 85
-28 -92
51 201
118 -38
49 128
-340 87
442 -170
347 236
-333 211
-228 264
45 -395
-372 256
316 -161
-240 146
257 198
-389 23
203 -331
459 -405
428 16
83 247
410 376
-261 208
-482 -20
163 -282
495 -38
412 422
-209 -154
136 258
62 80
-158 -189
-389 -85
-398 95
-2 -494
-465 270
237 -441
75 -274
233 312
-369 -251
-282 391
122 -14
-219 -78
34 139
478 -379
273 384
59 -97
-151 322
105 19
375 -386
344 35
-193 96
-355 34
369 -201
178 268
-228 -420
453 207
79 -263
208 376
382 -491
354 -324
-331 -427
307 89
-342 -320
78 37
372 255
432 269
308 499
375 -494
-322 332
397 19
8 207
-295 169
-380 327
84 202
-114 217
137 -201
469 272
-207 -240
414 373
-29 32
-62 -145
475 -435
201 494
-33 327
25 268
-44 -357
-201 -75
-433 356
76 462
308 -198
423 48
206 -475
-460 -299
-180 -16
-101 48
-244 228
-406 166
67 -368
-155 -481
485 145
-297 338
-328 5
-421 -223
-122 110
217 330
411 344
-312 -280
-221 104
59 158
324 -362
97 413
-117 161
-21 -131
-440 -344
-108 166
112 398
258 223
29 400
387 108
-303 -110
-488 -119
269 -177
236 -354
-437 75
-487 483
480 43
208 -416
-193 472
-255 -406
180 -478
-295 424
-35 -403
25 402
83 -411
-311 187
33 -3
-440 -452
-284 61
376 336
407 -351
-111 -48
-175 462
307 465
499 406
424 232
374 411
498 -48
-225 -406
377 -109
487 288
-179 -290
196 -413
96 -351
225 288
-193 -454
242 -297
10 363
-17 -292
265 360
-420 257
-90 132
-462 260
-187 -30
281 75
-316 85
-298 139
-45 319
206 -99
187 -341
13 1
183 412
-428 29
-213 -46
-21 124
399 481
237 419
185 -37
231 79
-96 -279
451 119
432 -160
-88 70
258 478
-33 -223
449 -220
-116 -29
481 -268
184 -289
43 -265
-148 204
222 -263
-216 -260
-285 -94
-430 491
50 -104
495 17
197 323
360 -437
136 84
70 484
-159 432
-333 279
312 17
386 -34
224 -96
325 -44
-341 -134
-89 87
30 38
-254 279
-311 -255
117 -37
342 310
-236 333
208 81
147 -195
-146 492
-27 443
494 -380
344 90
182 28
476 17
412 261
219 95
-177 95
-12 199
392 23
221 141
-385 331
155 -213
215 97
-214 -80
204 -321
-443 97
223 -308
-347 -195
300 141
374 90
-199 457
-135 -16
85 -13
-411 -180
117 205
-494 280
-279 -290
221 262
-106 -133
6 108
-211 339
-409 -134
147 -182
150 -436
73 -131
-484 217
-479 295
245 -428
336 -310
-187 -351
374 -18
-172 452
351 493
-22 -18
30 172
-83 -257
-436 113
156 -241
-49 293
398 -479
-299 347
-296 -136
-131 -69
433 -256
-281 172
419 -420
489 90
2 460
-284 103
201 -377
249 337
496 214
-161 -56
150 -423
463 37
444 -242
91 165
260 -292
-470 357
-145 -112
149 106
11 401
-316 6
-485 234
398 -466
-24 299
-360 350
-52 466
-200 339
85 471
-242 113
-330 229
-451 -61
-23 -109
-419 -109
-436 247
496 456
-374 307
-271 -238
493 -71
-407 -99
-359 63
-345 -268
250 -122
-227 -276
-442 -201
-112 199
-374 428
-357 -157
400 -178
-192 -53
-459 -168
-297 419
441 -406
-473 -332
22 -390
-262 -149
187 -286
-166 84
-134 302
-15 253
320 243
397 463
-90 79
-202 -391
-252 17
240 -46
111 -160
152 -159
326 -6
-55 302
8 -396
-312 151
206 -152
-245 -88
481 -213
-359 76
-455 368
-430 -393
217 -286
-489 -34
72 262
-264 313
441 -164
23 -152
-385 -206
353 -277
243 -149
201 120
96 -162
-88 17
-176 -96
435 -208
154 -221
302 -323
379 126
-466 -195
356 142
263 -49
-207 -493
-349 326
55 -79
-484 -91
486 373
360 -261
460 357
-161 -256
395 -267
54 -331
9 192
105 -100
124 -87
-451 436
110 -22
-358 398
259 -451
85 -79
-373 275
167 -269
-463 -436
-167 380
122 217
361 499
469 32
235 -135
4 198
251 75
-454 57
-262 227
259 -330
-132 -481
-330 -200
126 -186
-72 95
-152 -194
10 -361
-34 -202
-129 -25
-474 465
305 203
396 -204
351 319
-394 165
244 -73
180 437
426 -325
-477 167
100 -81
-249 -235
292 89
-90 -242
414 -443
254 -432
58 -307
366 -191
424 -250
-70 410
43 58
-82 292
-304 179
-282 -291
-2 -237
182 338
135 -3
173 289
-132 -347
-110 166
-265 292
-432 -114
392 333
-403 358
-433 -339
255 -194
-184 402
428 -303
256 408
154 397
-300 -39
-283 -395
-118 -291
-471 79
358 -362
98 236
-248 -172
-450 367
-129 230
122 -454
-154 402
-303 13
43 421
-50 230
-358 -152
101 362
156 69
-292 -350
147 249
-420 367
3 241
-221 -470
-169 -280
-416 257
-485 423
-138 238
173 -395
-254 26
-213 64
174 473
136 -277
-164 185
171 175
-412 -146
312 -115
446 -115
205 -470
163 -467
-214 485
87 -341
226 3
312 6
-346 -223
-349 31
368 352
-308 -197
-484 72
22 -322
251 -462
-240 432
30 27
491 422
-461 -25
177 491
-87 -373
-10 -382
-107 -86
187 132
-393 -443
-262 40
-278 32
-383 -250
-447 260
322 -461
-287 212
-354 451
86 494
227 204
-260 -143
-477 -141
496 -160
-216 -366
-439 -438
-262 161
-465 98
123 497
369 -494
164 269
-306 91
258 -96
-83 -389
-224 -365
362 -268
-277 -255
449 374
5 397
237 -263
443 71
-116 107
429 -93
219 97
458 379
79 -206
-136 394
-221 27
-488 -317
340 94
496 82
-390 -11
-20 -478
-304 -237
432 97
364 -367
-380 384
439 487
-411 51
-246 384
-36 -72
258 -83
-408 56
-92 -196
288 25
207 100
-137 290
296 -380
205 27
114 -357
-484 448
-176 335
-6 -8
-233 -465
-462 -288
-394 341
-334 392
-320 61
280 -203
-465 -357
265 162
325 213
-324 -233
195 103
-64 -121
321 -310
230 97
188 100
16 -421
282 -302
-38 282
-25 221
451 -79
321 -189
404 105
95 -7
458 -184
-480 -467
-236 -107
-231 237
3 175
298 -466
-196 231
-165 -456
-311 244
-23 122
67 52
359 -69
-11 132
168 363
-118 6
166 -464
312 -181
126 366
-55 291
181 73
-432 75
-298 75
261 -227
333 -122
-75 -176
302 -455
-190 -392
362 350
76 -273
193 312
134 -66
-370 -94
366 469
306 189
438 345
-402 368
-313 -341
5 197
354 351
387 299
390 304
54 355
169 305
-284 -458
-260 -330
-85 425
414 -120
496 -347
298 -103
105 -232
-289 137
-28 141
457 -339
390 425
25 -225
-195 -494
-168 -391
81 84
-437 387
-353 -437
488 179
-13 -103
-109 -40
-156 -152
-304 -316
-435 433
-266 -24
325 -108
65 490
335 85
278 -449
-97 199
109 304
-268 317
329 307
-394 -88
-241 154
-310 320
-224 -431
-219 -316
433 364
-486 94
-106 -439
-368 315
-141 277
-429 -190
-416 -480
67 428
494 495
46 -449
244 -434
362 -213
-43 -262
-47 262
-476 -373
62 205
-100 372
473 -261
-372 -316
156 -197
1 -71
212 149
-220 455
-79 431
-299 -67
17 -90
-360 -77
-278 -8
203 265
-229 -412
-432 -475
-293 98
-450 -115
331 450
-239 334
-209 213
104 444
-430 -15
468 -97
406 220
409 491
-133 208
445 -310
458 -371
-155 -369
260 -356
53 -420
316 448
-250 -192
-324 -407
-123 -417
474 -427
302 284
369 45
415 161
262 -310
-276 -474
-269 468
-68 458
-307 -53
343 29
257 -240
384 -199
-373 -407
69 463
-360 286
108 391
-54 -425
386 -419
28 -127
391 -304
-430 -2
-494 471
-298 117
-216 415
40 112
246 217
168 297
405 -19
-352 -227
-110 289
115 407
-274 366
-144 -342
57 -352
-72 -466
210 415
163 340
428 -180
144 61
-314 415
-283 -272
190 177
-127 241
162 115
24 410
-33 -124
421 -183
-163 -463
222 -393
-384 63
-214 474
-283 -151
-68 -455
23 -108
-127 362
152 -452
-74 -41
201 -65
473 128
-424 -154
-400 203
290 421
85 -277
202 308
95 182
-447 -101
291 -172
174 475
442 -3
-231 426
304 -462
-73 -449
-234 128
308 182
398 75
-241 -141
-114 -100
276 -403
-366 93
33 364
-244 -439
-117 -398
127 -38
247 293
132 306
335 -89
361 314
194 -92
87 -218
331 142
418 296
-387 -138
435 199
-446 450
333 188
-185 262
-383 -248
478 -212
59 -159
482 -93
-399 158
201 419
165 496
239 445
440 435
99 142
44 206
-228 -482
-122 -86
-301 437
-251 29
103 32
-298 -312
309 137
-362 -68
171 432
-137 279
403 -265
-342 -382
169 -432
-294 332
129 435
-148 -368
-410 386
457 -258
412 494
-380 265
310 446
-237 -181
-287 456
368 -330
-475 176
280 -443
488 489
-324 345
137 -492
-307 -240
-180 -199
389 -42
394 -193
-33 265
-424 343
443 194
364 -365
-58 -317
236 389
-128 341
202 -13
143 346
55 233
-118 -247
264 -182
300 266
267 89
28 -422
-468 -360
-287 469
-124 -62
-475 418
-34 -132
403 -131
12 -16
-200 101
25 448
-295 241
264 -290
-144 410
-279 185
304 277
-28 -462
445 -13
312 397
353 169
-86 -467
337 -364
339 234
232 108
499 452
-35 -465
-230 -475
-94 352
112 457
418 -254
-138 282
-174 -395
338 -18
-116 -454
472 -18
-106 5
346 -423
169 -56
482 175
-334 -411
-458 -447
262 -121
467 -12
-240 126
-478 483
-117 462
492 -477
-291 80
92 -182
231 -104
-382 -102
406 422
491 466
-149 -389
-3 -335
145 -400
-428 -33
-167 237
-115 427
-21 62
-384 10
-112 432
419 68
-230 -341
162 412
262 121
-220 81
64 -389
184 467
-107 -271
-180 419
412 65
-163 -166
30 -266
286 -340
-205 -163
-255 245
356 133
423 -335
-16 261
-324 145
-403 -148
-178 199
-407 376
-426 134
422 -294
-266 -143
50 -166
-69 371
-257 320
-78 322
83 132
-495 155
432 20
303 135
416 -217
-245 266
481 141
-185 317
-259 368
-103 -139
428 22
-324 158
106 -29
312 76
243 205
281 497
-5 140
480 -340
-272 -204
349 372
237 -327
85 33
267 -219
382 -498
370 202
406 -141
431 -377
372 477
343 -453
255 -337
-371 -62
-406 -312
-104 -270
-336 161
-462 -244
-218 382
-301 384
-343 387
-477 158
-185 -488
-235 -80
40 -141
9 317
-272 38
-231 -190
-209 323
-443 156
206 336
-41 -359
-475 352
170 -139
63 -265
-436 51
-51 -367
-56 457
-325 3
454 -259
82 -131
-390 59
155 -141
320 155
499 157
213 -200
163 208
-322 459
-383 183
415 -66
-284 162
318 267
165 -241
-496 242
-213 -187
-222 -7
260 -4
-346 452
-442 -276
36 288
438 39
75 -13
165 109
-396 -453
261 -412
421 -423
-147 288
95 50
78 406
348 230
480 157
366 55
254 -415
-481 -110
-402 183
-316 186
-366 -160
396 163
410 -168
272 393
413 -422
-482 -335
-45 420
404 283
352 -173
343 273
-180 232
333 -415
-114 -461
369 410
176 281
350 168
-457 368
64 -455
487 402
248 -109
330 -70
440 61
154 -296
321 -119
173 -283
-469 250
-428 251
77 423
409 -299
175 -466
-123 -160
-244 -450
353 -460
129 61
-184 -399
294 128
22 -331
-372 304
269 71
217 -119
184 -296
166 64
-436 -499
-96 -165
-478 -496
270 -337
397 -296
75 -347
-364 20
-430 -334
-194 202
186 -331
-301 76
-320 -203
-148 318
122 142
-420 384
340 72
144 197
298 -154
79 482
-257 267
90 82
40 490
-72 20
-177 -262
103 21
249 -154
-412 100
479 308
28 372
18 -316
456 324
165 377
-273 380
-70 214
-158 101
-485 -257
-155 372
406 -86
497 298
-288 257
-491 157
1 -135
161 -146
-10 -28
-313 200
144 -379
44 437
-8 18
338 426
-140 -17
140 37
16 267
-232 394
363 -443
-320 52
-186 281
150 -322
257 -425
-423 -184
-134 -310
260 -191
110 279
-193 278
-71 -25
-316 -122
319 160
-55 -81
-196 -20
-110 -17
-141 -350
-367 98
-386 -181
-488 -192
-26 -427
-387 119
-43 -71
-231 107
438 -27
209 150
-58 35
-429 122
176 -27
-177 343
46 -366
216 274
-152 -122
49 -361
329 -78
2 -473
241 -191
-337 -168
325 446
-1 51
-291 -52
204 156
199 -417
455 -491
75 42
-58 -73
-22 109
-220 -401
167 45
-105 340
332 341
-410 -296
-216 472
-488 50
362 220
188 333
-380 -417
251 389
-439 171
213 97
-242 227
52 408
396 -11
490 -413
261 -236
-424 -339
-307 246
-130 -350
-163 -298
-180 58
-461 -221
-13 -354
-347 295
455 -478
-135 474
83 -121
-237 426
-206 -224
341 174
201 -129
-427 302
242 -357
-496 431
-381 418
486 3
-259 -114
-163 -406
269 5
-222 182
-100 -121
366 352
-13 -462
185 -218
-189 -459
23 -280
198 475
110 -392
-88 -111
156 478
-496 323
-414 133
453 -53
-447 -44
-120 85
117 -231
320 357
103 -395
80 375
-330 477
446 -56
399 -168
-209 -51
-314 -333
383 -405
-355 -334
71 3
300 -403
-411 -266
-186 -148
-403 -146
-376 -43
488 62
31 -443
289 81
-243 486
-181 -97
-355 16
-166 440
-350 -135
-113 -451
183 365
80 -322
33 -397
145 -156
24 -446
-453 383
285 -442
386 -94
275 304
330 11
206 433
-405 316
407 194
-140 -433
-127 -494
-311 -315
-260 -84
371 -281
-271 252
-175 -40
42 483
-486 98
-266 101
-478 -78
-208 -483
494 -440
96 194
237 -96
333 366
94 -145
200 22
253 -381
474 261
-313 376
-115 -134
-406 -81
-346 -30
-286 -16
349 266
-396 112
-140 38
-360 -194
278 -203
-481 -255
484 -327
281 -427
-133 199
180 430
-128 48
-359 -373
-321 -81
-32 -244
386 269
381 -75
446 320
394 -136
213 -440
-223 161
-362 231
-29 148
-478 56
-244 223
-62 -29
-456 -414
237 267
-95 -472
-472 -422
-61 344
434 323
449 -372
294 -246
60 -413
4 446
348 -10
-356 -126
-337 -113
182 452
-236 -290
-453 -288
-369 349
-498 464
-285 -475
-451 -242
-188 397
-190 -467
109 95
-464 462
467 -426
156 -59
40 -5
-172 -413
405 -136
129 -71
220 -182
44 -179
-32 11
499 401
263 -364
287 -7
232 57
227 -287
58 170
361 -58
-44 122
209 339
-39 237
-366 -158
-22 406
181 240
-194 70
-34 59
334 455
494 407
-492 376
136 -55
-305 468
-85 471
254 -292
-387 -389
248 -107
387 466
-281 -222
-119 365
297 -474
-496 378
-476 -461
-32 253
362 409
422 460
365 -111
301 399
497 45
103 -111
-320 -443
-2 132
-169 -45
-481 134
-137 -93
451 343
-416 492
13 -112
-166 374
-61 -327
150 122
67 353
-203 492
1 -496
-478 -265
-60 248
-258 -262
-374 -437
-89 -39
-452 -91
310 195
198 -275
296 68
-109 248
-95 -83
348 -331
181 495
301 -406
-377 433
-131 -329
-157 436
-465 320
-460 435
352 313
443 -286
195 -388
81 264
-427 -206
-219 -28
404 -49
-486 382
111 372
-436 -255
-387 -134
-200 -271
-228 -370
-144 267
324 372
214 -254
71 192
-232 154
-224 -251
-414 -375
334 -216
53 -495
397 69
220 436
-30 -493
-6 -136
-94 -20
291 316
308 -269
-320 -67
-124 -421
-283 458
491 -148
207 93
348 -197
-167 -377
-47 442
-176 328
56 -369
135 -305
203 324
-432 -416
-9 -313
309 262
-436 108
-79 382
-384 -254
-425 -292
168 -7
-381 -64
-166 -176
-235 219
276 206
-134 42
347 86
-255 -477
278 -14
176 -25
135 -63
-375 360
467 -371
-258 356
-98 345
-227 -294
232 -9
70 -71
-283 -455
429 276
470 48
-289 -4
382 -65
-322 -181
60 -116
275 -420
-40 471
-450 307
188 335
291 -476
-246 -415
249 -473
409 -484
498 2
143 -226
-270 130
449 -183
-322 -289
192 161
-331 120
-307 248
178 -232
-345 -273
-380 -294
-387 484
-260 -458
240 -172
386 -347
102 -106
363 164
-239 -170
313 343
60 126
285 244
-232 -275
-480 -340
-475 -33
84 -298
-477 -106
-197 -52
498 473
-467 87
322 284
-471 382
17 -352
239 249
-66 -387
-438 7
99 -283
-130 -106
-447 187
-373 136
2 -216
-398 79
-151 185
133 -285
432 11
5 432
-341 -205
-47 13
-190 -36
-474 205
305 172
-306 18
126 -325
112 -223
-403 85
-455 -334
235 -153
336 424
363 298
-272 -213
490 -156
-42 249
209 -169
-355 -211
-347 -387
-70 150
-427 -380
273 489
109 -400
59 8
-146 313
482 -384
301 -459
144 -443
-6 27
321 193
486 489
173 29
-182 -199
263 188
411 86
357 -443
-180 -382
417 -392
-447 -497
496 -99
127 34
-94 -194
-251 88
38 -38
425 371
-466 -66
-325 -356
497 247
-90 450
-269 219
-431 157
-128 -71
150 -386
-96 147
353 202
-294 391
12 -91
-351 -143
-195 104
56 -314
-242 29
-50 -30
122 454
-64 -194
421 -445
206 -370
431 -252
412 -494
408 30
-346 322
-374 -6
131 395
420 269
492 374
440 -311
-469 -122
398 -308
257 -247
475 -317
-370 -409
-431 -419
-490 -60
248 -360
-482 -465
225 151
-317 -132
247 -319
-95 469
-73 228
133 333
-395 -52
193 347
480 148
375 -134
355 382
38 446
-251 343
-298 2
-441 182
323 349
-321 284
-166 -108
348 113
218 3
-30 -62
-135 410
37 -301
314 236
4 -478
52 236
156 293
-139 -113
389 272
57 -467
-81 -172
394 121
334 -482
-418 -346
36 -405
-4 462
8 -467
-388 -467
-326 182
-111 70
-125 172
-400 -33
-380 -347
-351 354
414 157
3 357
254 -61
309 -354
345 57
455 -300
234 226
179 290
297 -243
163 -472
13 -2
-64 303
294 11
-97 126
-130 -51
343 398
159 -177
398 68
30 -328
-452 -331
-100 -172
-1 363
-439 362
-367 -287
-11 314
-261 368
-179 -51
-243 422
-140 -389
-498 -97
-108 -171
214 -386
453 -104
-461 199
-90 142
-302 -37
-192 360
207 -160
18 -325
-206 196
14 199
151 433
491 -280
441 -101
174 -216
-15 -381
413 66
353 15
-368 255
380 -111
187 248
-61 146
324 482
-133 14
-221 -99
-207 -430
-20 -375
207 -147
-184 -32
449 140
-393 -206
-350 164
252 269
410 -377
401 69
216 23
-250 -265
13 374
317 -447
-172 328
180 487
183 -262
386 326
444 -487
-174 403
158 -319
-314 100
434 488
336 -313
38 30
-494 169
-224 -7
-432 -414
-64 -18
-403 287
207 216
499 95
361 -364
-361 405
93 -179
454 -200
189 283
-115 286
-84 -364
193 173
296 -372
-21 -79
-1 -66
153 -421
-236 -233
-420 -54
429 386
-383 242
-79 -313
-485 231
-261 -290
-88 -133
-293 172
-202 290
197 -230
458 40
-34 103
210 463
20 -186
-470 475
-80 401
-228 237
367 -371
-462 70
369 227
171 -246
-344 291
432 -471
-200 -482
476 -199
-138 167
211 55
-359 -61
-373 4
420 -360
318 -371
7 -233
208 -243
433 104
125 -12
-231 124
-68 -407
364 4
234 160
485 -258
-191 425
449 -181
65 122
-42 -4
-326 237
-128 481
-32 189
-7 -47
497 -248
-59 -466
-431 -338
264 187
-137 -157
60 -101
-498 -163
-61 -162
2 -106
76 -157
-442 146
318 -129
-425 315
-338 240
-54 -230
245 295
363 287
-349 81
251 -183
-231 -452
-262 -31
-195 -270
-479 -29
30 -152
-373 138
200 -229
38 -291
425 118
-416 -498
125 122
450 -347
-233 148
498 367
-27 482
-333 210
-77 136
-289 482
-41 318
148 254
-198 -154
36 -216
-336 141
-23 372
-42 130
388 -57
-99 -441
272 -232
134 292
-221 -165
-118 485
-49 90
381 -97
-464 -152
381 -326
91 -159
490 75
187 74
-262 -18
209 -167
-273 318
355 -342
434 -49
-237 -254
-251 -152
62 308
-444 -318
222 31
459 -285
10 -377
-40 31
-257 -492
-13 -95
-156 -144
391 254
-24 -254
-379 -482
259 -454
99 311
364 -438
181 -374
103 201
-138 -154
-412 280
367 18
-418 206
493 -166
-164 -436
462 255
-426 -436
-233 -307
-173 -485
420 29
-461 280
-260 270
467 -448
-302 44
-359 -490
274 -318
-217 88
-346 203
246 -151
-200 257
347 -99
256 271
-250 -318
-16 -417
-429 -61
42 -210
-94 158
233 324
190 -312
410 -309
-430 -20
-111 -304
379 -440
-332 222
-267 388
232 -194
-341 173
-233 -294
391 -430
-449 -178
-367 386
-229 -404
-410 -479
65 -186
-4 209
-56 -476
-101 276
-428 -348
-167 -307
-487 240
378 -19
359 -261
94 222
-429 181
-190 463
-63 -250
465 -131
-411 464
331 -360
-334 455
323 459
-276 -358
407 -365
123 -124
-447 -240
315 46
260 110
67 -19
-272 286
-443 404
457 166
157 -355
-160 -291
-181 -414
187 -247
481 -295
333 -422
73 405
-125 -68
-172 -180
-2 2
-431 -175
328 -352
-385 -288
231 -285
-270 187
43 418
354 51
-295 -395
-92 230
49 169
489 -313
-84 54
-342 284
-497 181
420 -413
315 59
-63 113
-247 63
446 -10
-316 192
-19 -339
-415 -339
-410 5
-353 310
173 -398
305 -13
-359 7
-53 -216
461 234
287 118
428 -172
437 291
-470 -154
225 408
118 16
-339 -223
20 124
-324 314
254 62
59 -177
4 -113
9 2
-335 192
-141 206
-396 -84
311 -451
266 301
-25 -400
16 126
-270 -497
-413 -280
313 -405
53 193
-312 -494
70 362
82 -338
460 288
-206 427
408 -168
-249 -438
-490 439
284 62
270 127
151 435
-152 434
412 247
-168 -328
-256 -212
365 135
43 -145
106 -89
391 309
344 -32
-61 -81
-125 429
-278 -79
-316 -371
-3 -140
-394 -25
-320 -76
-472 321
207 84
155 -335
279 -40
-222 -322
-333 -419
80 -250
-316 -250
-335 -492
236 492
-12 427
19 -260
-196 -148
425 428
101 38
-78 -193
-106 -255
-445 50
119 92
-343 -491
-281 158
-154 -30
-292 494
-225 -499
219 215
418 -393
43 218
392 372
-241 459
411 385
-152 -250
400 492
469 97
-371 349
-249 46
169 -195
-213 -489
344 331
342 -267
-200 204
-344 -70
65 -131
-23 -244
-202 279
25 -496
128 154
334 259
298 336
-136 -185
-71 210
130 -29
261 454
-210 280
179 92
-36 -62
-372 -11
-354 6
-227 -411
-286 406
256 460
-80 282
291 454
-265 465
200 -482
-380 -303
-115 409
-34 105
499 339
442 -195
-421 -156
396 103
-215 178
-98 -469
-198 -407
65 3
183 224
-51 57
-167 111
482 291
-169 -228
-374 306
-159 231
-183 -392
-280 -59
210 -461
406 417
-432 72
-154 -472
202 358
85 -456
21 54
401 -479
131 -340
-387 488
347 453
-40 -222
-347 301
-435 188
65 474
-140 -453
101 427
238 402
402 -399
68 479
-119 -394
-425 88
441 -57
-463 247
-451 72
-64 481
495 -50
49 358
-130 127
-163 -50
217 -58
48 133
466 417
-453 376
204 417
37 240
190 482
-239 76
-129 -281
-437 -434
220 361
32 310
-405 309
-196 -106
360 -154
38 -168
-86 25
299 -393
-307 -203
4 -45
-216 -314
-454 272
-162 151
204 -280
-319 -321
-204 191
219 257
-397 25
-122 -36
-435 -496
291 133
-81 490
239 -323
-298 -262
-372 -211
-288 197
-293 -147
-73 -144
276 10
-266 444
18 -26
-156 87
301 -226
-472 -442
218 -490
319 316
434 303
47 -372
368 -280
249 257
-62 -157
218 -369
-70 396
-316 -303
2 272
-493 -488
202 37
-423 -15
463 -151
-112 106
278 -197
-6 44
-94 160
-27 -308
129 -320
-36 -128
-121 -495
290 42
-235 -72
-273 -364
-399 463
-456 -300
442 -382
-341 175
245 -253
-435 -241
-86 401
387 96
335 -360
390 101
-211 406
-483 -53
274 155
-208 -114
485 375
359 -259
391 -307
468 142
-491 473
221 450
300 -489
-87 297
-423 348
2 -412
380 214
366 279
297 445
-376 -358
235 -470
-490 294
126 297
79 222
-64 173
-97 -4
333 -191
109 330
-235 291
-340 9
78 -296
410 177
-430 466
126 418
-253 -396
201 -189
-479 -214
343 389
25 -415
381 415
-466 -275
-337 364
370 -3
7 -55
-319 189
9 -9
363 223
-399 -329
-331 300
355 -419
-144 -103
384 53
-367 -404
20 5
378 467
4 -3
-63 7
73 -398
410 190
-368 -104
91 -344
-47 -49
-281 -216
-465 -37
-94 -390
66 -401
272 -67
425 -54
475 292
101 -215
18 -213
102 424
237 -398
75 -231
154 -167
-168 -447
-430 -447
488 352
304 -223
-283 209
364 316
102 316
482 -217
-385 -31
74 483
-24 -318
8 -100
-176 79
168 -148
-495 -492
-354 450
-330 -388
146 -459
-389 200
497 64
225 -395
175 13
-202 26
276 65
469 -35
364 437
83 424
-29 -46
155 -454
-129 -213
353 -210
344 199
-176 429
311 -207
-126 -208
-336 211
190 -268
484 -50
231 -496
-124 -199
-229 -481
-403 157
-469 -197
257 -322
27 384
-350 397
-352 -430
462 83
-278 273
-309 206
-70 222
76 276
456 -257
134 483
-499 -184
-124 -307
409 422
323 153
23 386
-244 42
193 43
-327 273
-452 278
-413 206
211 -196
276 199
71 -499
-423 161
224 268
-198 279
55 459
-200 206
-467 -404
350 -145
-275 32
131 454
124 -488
248 -422
-193 -424
215 -370
445 -137
-207 -63
7 -134
-337 56
-164 -245
-5 -252
308 -21
198 107
-396 -403
-59 451
187 -311
161 454
51 -172
16 -193
320 218
-236 -229
-188 -481
-228 349
377 -295
449 -190
426 92
-438 -242
365 -413
-7 -56
-389 -350
-145 10
484 447
-127 293
372 -252
451 41
-344 295
-210 295
-331 5
-166 301
44 -118
486 -2
-268 61
365 -292
494 347
-302 -341
-183 -390
6 -225
-266 -159
331 -169
317 -67
270 -408
-71 -472
-484 -116
440 232
137 231
-443 -344
472 221
-268 182
-17 -236
-456 360
-375 -210
232 468
120 -1
-348 -336
-59 -462
-467 -28
-459 -167
138 -177
358 55
-463 357
79 411
-14 183
-193 -48
-243 360
-432 424
-61 -158
-75 -56
-466 -207
-461 137
-107 -250
98 -394
323 -47
-283 143
218 196
245 299
-187 376
50 60
476 -61
-441 496
333 119
-498 -38
481 17
-490 -443
-12 350
139 253
199 304
-488 -397
193 -265
-253 143
421 353
-281 81
22 -147
-75 186
168 -322
-228 -322
351 294
277 79
175 68
-379 448
433 363
-386 -494
-166 -491
226 299
422 -55
357 -450
-428 -491
-401 137
495 423
-407 -432
-163 194
-70 156
-466 156
53 492
404 -217
-271 368
-273 -496
293 -85
-437 -190
-43 -34
227 -439
-487 -11
-415 94
-220 -485
-322 -496
-226 -263
-460 -430
123 -375
-459 438
-371 285
386 264
-244 97
-332 -16
-308 341
-118 -316
-325 -121
327 -195
304 316
65 -195
-274 339
-465 -424
-97 -257
299 -28
-87 165
-230 382
18 218
-390 164
310 -428
134 -388
-351 -137
344 388
-71 146
-209 212
295 -26
-333 -349
360 332
167 203
396 -203
43 396
-263 97
-165 403
-76 -77
-159 154
125 -316
-168 334
46 34
118 -356
436 219
427 399
136 -302
31 170
-112 350
-402 288
331 -127
286 396
-474 119
216 337
-276 -354
-175 452
441 455
-227 -4
494 52
-370 -53
-126 344
-458 -395
-35 -292
130 41
116 106
-27 286
-445 -456
124 -299
284 -310
-234 -7
41 -68
5 9
285 292
49 52
-53 -225
265 350
323 -234
488 99
-348 -402
56 -53
-8 457
47 127
-435 124
454 222
-388 -353
-47 -289
-125 286
-166 248
-153 187
122 -103
-35 179
-183 -214
330 48
-410 9
435 -165
-204 114
80 -393
183 294
-397 -281
200 -291
-120 256
253 -465
370 120
-150 350
-264 477
142 -296
-233 315
23 12
-421 264
-449 431
71 -55
324 125
-122 -221
398 74
57 -219
-329 -26
218 372
-486 256
216 -455
-101 -162
-445 -201
322 466
-231 -272
77 -156
412 359
-292 243
214 -151
19 -390
-205 -98
-226 -450
455 177
-423 -321
45 -216
344 80
8 -98
374 -41
434 10
-158 98
387 -102
-298 -205
-9 -331
-4 13
-157 -495
309 244
-436 90
-142 308
222 90
390 -326
354 -279
-492 -300
399 -92
-135 203
-426 -498
-223 90
434 360
-289 -264
-427 31
-18 -259
123 -320
290 -143
436 -89
-194 -256
482 27
-473 329
463 -215
251 131
-214 31
331 -435
239 -253
194 499
244 -138
206 -430
417 19
18 273
362 83
491 -32
446 491
-418 157
287 -91
-291 -68
297 139
-275 -87
234 -210
473 35
146 -323
-9 -197
82 -79
73 330
-464 391
381 217
12 91
320 -22
-443 450
465 -422
14 -358
-482 -296
-188 447
-130 -366
-302 345
-450 181
370 -80
251 494
447 -89
-200 329
185 -355
-495 -114
97 -468
456 108
-41 -173
113 -258
27 -298
333 -255
-395 238
197 -116
202 228
-84 -129
-401 460
218 172
278 223
75 160
-197 -299
-328 413
498 226
-285 -412
-234 48
468 320
234 153
-487 -398
-102 -62
225 104
-496 307
443 -491
44 -237
305 -196
217 -309
-404 310
-43 289
134 -307
-142 -242
-412 -103
207 -354
446 -72
-124 300
-229 18
-396 -159
242 -131
-152 467
383 -421
321 -67
379 -126
86 295
56 123
-27 354
-454 -208
225 346
-42 231
266 118
-498 -278
-493 66
-218 5
21 287
-48 416
361 355
-274 -385
328 -51
-285 -49
-435 421
496 -467
281 362
-27 246
449 -54
-254 203
-15 485
76 78
244 -338
472 -474
276 -349
264 314
-104 -405
278 -340
-488 423
-311 -210
494 483
-339 -272
208 126
-95 317
225 -459
282 75
428 129
39 317
-252 370
171 473
345 360
-184 16
413 6
293 -325
31 -325
246 -400
466 -397
-126 -272
259 -461
-443 21
-462 -258
-56 201
384 473
-411 -27
-105 16
-320 91
-303 -494
125 478
-290 -30
-211 263
381 -91
-29 11
461 -391
-218 260
415 -93
310 379
-288 430
225 -217
-381 -27
469 143
312 425
361 -208
-145 -309
-247 -91
-135 150
489 243
-55 -150
-320 333
428 492
285 -311
-167 -206
377 446
320 -88
227 -316
430 309
-277 -78
-369 104
-328 -124
162 -260
126 46
160 -370
19 -309
-303 -360
-128 395
269 -198
372 489
-120 -239
136 -313
-365 -70
177 -16
372 -329
107 154
195 38
418 -213
148 -303
-320 346
165 -134
-138 94
338 -206
109 -29
453 -256
-10 279
246 205
-62 89
-343 -190
-154 271
332 393
110 -474
-174 -233
-64 164
-480 -303
72 -56
-280 -242
-471 190
-256 115
-198 -469
160 -236
-74 -403
-28 -58
330 -313
-415 -467
445 162
-257 -110
-419 -172
463 445
453 -243
-354 -43
260 116
3 460
-459 -123
-261 121
-289 288
358 -130
299 458
5 11
-303 -105
426 270
285 294
244 293
-259 167
297 -369
202 296
-263 462
-139 3
-210 -466
-45 -399
153 -118
15 -348
172 124
382 348
-473 -395
-382 -48
-91 424
-93 -174
487 401
-465 183
471 -361
-342 290
348 471
250 -64
-50 -356
142 -415
-376 -341
116 350
138 109
-459 119
229 -2
265 -345
253 355
325 -294
270 -230
58 -409
-71 -294
388 -9
121 -353
-100 173
-481 481
-358 322
-262 30
-469 491
398 305
97 313
-366 323
-249 -324
50 9
494 -280
-401 73
363 469
201 407
-336 202
-259 422
393 348
121 -111
11 17
267 -286
415 -388
365 20
-205 133
10 -437
111 369
-151 369
339 -33
-258 -252
-305 -98
347 -172
22 31
256 -31
-102 261
486 431
52 -90
401 -165
186 -90
-463 -499
459 5
313 -278
-106 -262
465 493
298 87
437 431
201 420
256 90
-206 -493
310 326
98 -82
249 87
-405 -437
-125 -154
-13 87
4 256
475 -159
-277 -23
499 198
246 -211
-2 -313
-162 452
-453 -249
-16 -248
433 -385
218 -310
-319 -20
56 -372
219 329
-238 90
-124 -303
271 -33
266 -377
-183 285
312 493
-277 98
-277 -131
429 260
281 96
262 -146
-261 -187
-248 -248
146 -92
-31 275
-163 -433
356 -363
-310 -187
66 329
-411 404
321 -199
458 35
-115 173
241 37
43 -473
-250 214
306 166
-379 -166
-252 -125
61 335
176 322
-481 52
-182 348
267 211
302 -357
-218 -127
458 -73
-194 1
-155 -300
-35 -6
433 99
77 235
493 150
168 353
-485 468
-191 420
244 348
-276 53
-18 348
448 -411
-89 -350
241 50
218 66
-85 294
-390 -342
422 -427
36 -463
-243 122
-396 -386
-419 125
-135 -345
-340 189
291 -237
-337 194
203 -350
115 -463
-453 248
92 48
469 -231
259 225
215 -111
113 107
-140 -339
-369 -162
444 126
387 -408
-404 -493
-308 198
5 429
239 367
-28 252
46 238
435 13
121 -406
-328 -498
-196 -113
434 -175
260 426
-83 -465
354 -464
-293 -275
144 480
-324 375
-271 238
23 190
307 -280
-161 -385
-74 257
-154 -224
197 491
-168 -159
277 -38
414 233
-180 -277
-49 206
-445 -23
-206 259
413 237
-120 -492
129 249
-498 87
-149 -25
112 16
103 196
-398 439
381 -89
-459 200
-418 201
-225 367
-227 -497
338 480
225 -215
82 -35
-37 -215
266 -443
-142 257
400 311
257 -263
224 314
284 365
-167 -325
-368 439
-71 -92
297 75
-22 29
-394 386
117 373
-375 399
253 -261
461 -147
-360 155
-319 -73
368 76
24 37
165 -24
368 -153
115 384
173 -429
159 -327
-249 107
-48 -132
380 315
172 -129
213 -91
-489 -363
-324 -296
-154 381
-285 -368
382 -134
215 -311
-105 273
263 440
-345 -234
-106 48
398 -190
420 -431
-356 -127
136 -419
-475 -344
-30 43
221 -375
42 148
-58 210
474 -424
-445 -465
451 87
-184 -424
36 -421
-281 -357
-152 282
-161 233
-232 -236
315 162
-478 297
-343 -67
-95 -231
-231 174
450 -431
-369 469
37 -304
-347 228
386 -187
327 172
84 451
354 275
316 -246
-176 -183
90 -64
348 460
-456 177
48 -61
-217 459
134 -250
218 121
-160 -54
-33 -13
187 -10
-498 -342
338 159
-130 -175
217 -131
122 9
-1 239
-365 187
20 -1
4 -239
334 -364
437 286
437 57
-124 478
-131 -464
8 -120
-396 -210
-163 -1
-309 -285
484 -420
384 167
24 -405
-4 -238
409 -69
56 301
422 -359
-272 -282
314 -222
-180 475
-242 -403
-172 70
117 -56
-386 -448
479 296
475 -412
-74 312
-327 -97
485 -182
247 404
-233 -499
109 470
117 294
-279 -430
-459 134
446 240
-261 378
196 65
-415 140
-253 -27
366 -278
-341 -140
-85 -214
283 -47
-278 145
396 -399
-363 -451
282 482
165 -332
170 -217
106 256
-147 -153
6 89
372 412
-249 -201
370 -452
432 197
-193 374
-425 -427
-369 148
-490 -371
33 -330
43 92
-499 -191
409 415
115 -32
385 -437
-497 -145
-406 -27
447 -340
-212 -13
-338 -152
-374 -75
-378 449
112 84
186 33
-363 -209
63 -101
-259 -381
-240 -368
-268 -201
-318 207
375 -95
480 -42
-310 -198
58 -31
37 -383
154 202
-462 -67
-481 -80
-196 318
52 154
451 -329
198 208
327 -136
146 -211
-260 333
385 -195
285 -133
425 -382
-338 -139
176 82
-280 -198
-160 -133
-130 -254
-245 -470
-290 282
379 -377
152 398
-342 -137
-483 -113
-318 220
-203 170
222 -361
-420 172
-57 -5
149 329
484 319
429 383
135 165
-454 -230
24 334
-284 218
-427 398
-59 336
-496 298
288 380
95 -15
119 342
497 -264
-475 -397
-489 -295
347 206
-330 452
-27 224
-151 -300
201 -141
-162 -459
-221 395
-51 281
-392 -12
-354 14
114 119
7 -7
-250 337
378 165
479 217
18 -407
-280 165
358 -302
-36 296
349 107
-424 -338
486 112
-32 415
238 47
-194 353
291 -127
329 165
-407 245
121 401
-294 122
8 -65
-124 304
214 -455
-452 -279
29 -6
235 -167
-151 63
-399 -39
-318 -343
418 220
-350 82
-397 7
-469 427
439 279
-292 60
90 125
-194 366
398 241
-499 -499
-408 -152
-114 66
-477 14
-54 117
-338 358
111 184
-211 133
377 74
13 292
127 -101
204 -406
412 297
-70 257
-278 79
-182 -213
53 364
-310 312
-37 -347
345 472
56 369
23 192
83 243
-401 130
-387 -201
41 246
466 -285
-262 208
333 354
-467 -490
302 21
-58 -285
-20 495
95 482
-17 241
-361 202
236 192
401 -229
454 -403
-389 140
-343 485
328 424
111 426
78 249
274 -105
-77 375
331 200
69 429
499 13
86 -385
232 -331
-305 -270
297 64
-52 -90
218 -495
425 478
198 21
-210 -33
-78 -372
-252 495
257 -153
-194 -318
69 321
-487 103
-2 -377
311 83
-178 -374
-443 146
80 -79
-447 441
160 -379
249 373
51 -137
-419 -315
343 -221
-129 198
67 -156
246 -154
237 26
460 -225
364 -428
88 -97
162 -148
-294 -428
-463 -200
-174 -363
473 -27
239 -194
99 -497
183 -89
357 -202
386 499
-15 155
-213 -318
-418 445
-361 -482
246 196
482 207
-43 93
-313 498
-354 -294
213 -210
438 137
-300 171
176 137
-94 276
-77 -309
186 330
304 322
-4 206
-42 -315
109 83
338 -323
-180 -20
202 45
296 -320
153 -140
344 394
361 -191
-159 39
355 489
-335 42
88 145
-225 -315
-220 -237
-313 -428
456 46
-399 -468
-240 50
-235 165
64 461
475 32
375 94
499 389
-420 348
-1 107
53 -186
259 148
276 -437
221 -373
-214 224
92 -258
326 -91
-173 -4
-187 61
-201 163
360 459
126 292
-499 240
96 -368
275 -137
-176 -73
285 285
362 276
-387 417
288 -491
336 223
-330 399
363 97
-325 248
-191 477
-212 -400
13 -16
401 -429
-428 12
318 -198
98 -467
438 392
-33 -11
352 59
-414 297
-111 69
-370 74
230 -190
-26 -116
-95 13
-68 -113
-328 485
88 400
-454 -149
91 -349
-28 188
104 344
-242 -293
236 234
406 -109
-64 -287
-389 -47
-264 362
284 167
210 -48
-434 -342
77 -392
-104 -467
-149 -210
398 188
169 365
-227 136
-489 365
-334 10
20 13
431 -453
422 -236
105 57
248 365
-454 93
-195 -205
352 193
487 -171
313 -287
309 237
-376 134
-65 255
40 -446
-234 483
-66 -199
-297 134
467 301
-309 80
-378 209
434 124
-139 491
126 -29
236 368
-177 199
203 191
-42 -394
-169 319
-226 -215
221 245
340 196
-184 196
155 -338
-327 376
-112 -194
397 -51
-6 202
-292 370
229 -453
-114 376
92 481
276 73
147 151
362 -153
439 -458
53 -265
-131 -86
-343 -494
-262 397
-364 386
-490 -19
-382 -486
-458 458
-171 -266
436 146
-385 448
53 -144
-425 -183
-417 -322
185 -254
-271 -497
-402 215
350 79
314 156
-96 -496
-481 -78
-36 43
-176 -260
-446 -121
-355 -491
235 277
338 -268
-213 -142
95 -26
-447 -309
260 41
62 -432
222 -480
-1 41
366 208
-379 54
254 -262
232 -21
185 -133
479 85
-313 -373
-368 -309
-375 469
495 -429
321 -316
133 387
-380 -427
-492 298
277 -423
-222 -70
246 264
110 403
-81 -360
-343 -131
91 390
366 100
424 270
-481 -65
465 42
456 -7
-229 -110
-386 172
-355 -478
-84 -15
-497 341
-456 113
-7 -61
-379 67
419 -182
441 -423
138 -195
36 -243
-60 -180
159 -136
-268 285
475 329
332 -474
-81 -118
-30 342
229 44
52 411
294 173
-69 121
-171 339
-259 226
-342 228
-304 483
313 -366
203 -238
-150 398
442 44
464 -197
15 -289
483 -184
493 275
-426 234
240 -171
372 214
331 176
465 176
275 52
-309 -228
16 57
38 -184
-67 288
-296 465
217 -182
203 -117
-339 -400
-222 414
359 396
144 242
400 168
-159 470
87 -292
-468 129
-174 310
-446 376
374 -114
38 -63
-12 345
-380 -51
-370 371
-86 -99
-9 -404
43 -214
235 -44
-379 322
-46 468
152 -42
353 -52
308 471
-322 304
407 184
-153 490
-306 19
387 -283
373 -218
-15 -98
-440 204
-217 -47
316 187
278 -334
264 -498
453 192
57 192
222 259
43 28
-367 130
312 418
-373 -439
-203 -257
-71 -101
-493 435
-261 -491
-284 -209
-176 -447
-54 482
-40 151
-123 382
133 308
-366 395
-34 -327
-313 258
-305 82
251 71
462 483
37 -447
-215 -254
436 201
119 36
-439 -255
-63 -264
-149 450
407 439
240 -492
-242 30
186 440
304 203
25 -444
68 -74
-51 -254
-273 -367
-101 154
64 221
251 313
488 -269
89 -15
56 -192
-49 -474
-3 396
437 -86
132 -197
-455 272
-209 -490
455 493
30 -474
-194 47
205 318
293 165
-148 -66
213 -87
-21 -254
268 -417
-192 93
-462 232
-39 335
28 96
-313 -197
-60 -246
464 434
-102 -243
290 281
-139 104
35 -9
319 -479
169 -9
169 220
494 276
122 -121
-315 -351
-379 122
120 -423
-230 -307
-129 -484
487 273
343 494
-414 286
173 -412
-51 109
99 -361
219 -296
-406 406
-26 -127
-277 291
342 40
34 -76
-293 -471
-168 463
-201 286
-416 361
-97 343
51 241
261 -178
285 179
150 220
-232 -340
-417 109
414 37
376 -255
83 166
-132 241
174 -470
-263 -471
-79 -125
468 273
-396 -98
333 48
-80 -350
286 -293
389 394
24 -293
-255 63
-288 -114
240 5
-160 300
-487 -324
165 356
13 228
321 344
-493 356
-6 -280
-163 2
90 182
-22 -288
-67 464
296 287
236 7
-208 259
-403 20
-207 -334
82 -460
-478 -154
-366 87
427 -48
129 295
196 56
321 465
-383 -146
-356 482
198 -164
492 -175
-125 -403
-79 238
303 303
306 -217
-19 23
490 129
-396 36
283 65
401 57
-499 29
444 427
-31 134
337 301
-95 149
-166 -320
469 -38
-212 -22
154 301
173 314
-369 31
-452 262
-466 327
90 316
-172 316
-422 141
-87 94
-51 -212
358 252
-258 -17
-162 445
-90 -204
-195 268
-264 -320
-245 447
140 258
239 -258
-116 -486
266 -384
-142 316
-354 -129
389 -48
-354 -358
-165 332
-333 -70
479 -155
-39 -81
262 -153
-3 101
-455 206
-142 437
486 -260
86 35
141 -258
447 14
-136 -307
153 -433
163 255
-159 204
91 150
312 -440
410 -134
50 -440
-421 -291
323 392
-419 -245
-282 -240
-212 233
-211 -360
69 -306
-74 -126
-303 51
344 -367
-474 -60
147 287
-120 172
-254 -57
315 100
-25 446
-343 -358
-247 333
-99 231
-228 346
61 220
138 -85
465 44
181 285
126 349
-432 287
165 277
-355 -247
-171 99
385 51
412 -75
318 -262
141 105
-403 -288
469 -359
-333 185
-123 -234
-451 -63
-238 459
-301 110
-31 -295
189 -292
-477 -116
-390 -457
-10 -236
-382 -108
-83 454
-88 110
-102 175
247 100
462 -241
-469 418
384 334
7 347
-136 298
-290 -169
-173 416
102 355
83 113
-115 -397
-471 493
86 -407
-33 167
176 -477
-144 70
291 -1
-148 365
-54 229
-324 368
340 119
-197 180
-468 360
110 71
-215 311
-231 -222
96 -56
489 -125
263 57
-372 -454
328 415
-386 -389
-488 -400
-106 -335
-469 -387
-263 -282
270 181
-487 -27
113 234
-61 81
85 135
176 -464
-279 -142
156 -214
-283 382
207 17
255 -464
196 353
-24 -145
-229 389
435 140
283 12
-467 -486
-66 -142
-58 -281
299 -273
-274 94
-185 -386
-29 127
441 76
494 -327
347 -340
121 71
14 -321
-265 264
19 -206
450 17
-15 -83
-282 -198
-282 -427
-62 -158
17 135
448 321
140 205
-411 331
322 -47
-3 156
-232 333
365 323
186 92
-460 -83
323 326
290 149
269 -203
-318 266
-287 -421
-244 215
110 447
485 361
325 372
-384 -317
-76 -201
-54 -442
-417 -494
6 -428
-311 390
-19 -485
-493 -139
236 -259
119 159
260 98
210 277
59 -444
-146 90
262 -85
465 -251
107 41
-276 -249
-75 -488
-125 -80
-469 110
95 152
-340 -5
117 -318
-370 -177
359 -31
-49 -122
-357 -238
185 -184
133 -374
267 380
354 268
215 -305
-78 116
-469 231
384 147
-437 183
246 213
318 -436
-319 404
-54 -308
-467 11
307 -366
-46 41
239 173
-441 414
352 -179
-340 237
169 343
202 291
-486 119
395 -361
317 214
386 -181
-209 -354
-163 -9
-330 -415
296 276
387 -360
287 456
-131 468
-238 -412
115 -294
-49 12
231 66
88 283
432 56
-487 -214
201 160
41 -58
-443 -171
-56 238
296 168
82 -350
-409 -402
-15 -283
-234 353
-332 -219
-217 -232
-203 -334
-248 189
-131 -458
402 5
-11 -393
-168 -111
-168 -340
-50 -119
67 466
241 353
-208 261
153 240
-422 9
-150 468
268 190
445 -406
6 190
-357 138
-235 -394
-215 487
-355 184
-391 261
-405 363
-300 -146
-259 417
250 294
21 471
-413 -50
-375 205
-143 -455
-367 66
268 82
106 249
221 236
400 467
92 122
403 -282
-134 -221
329 -460
353 -103
45 -219
-387 -142
3 13
292 -342
429 -108
470 -107
-260 313
-496 36
-216 90
45 131
-299 92
110 260
12 -275
215 313
-365 -262
-286 31
-393 -324
295 13
-128 324
235 147
-87 -133
-390 95
-318 200
95 -385
-258 -15
-370 -485
-434 25
-164 -380
154 195
-407 -367
322 8
453 491
470 -94
363 -220
98 263
248 -436
-138 23
-243 -259
221 370
431 -86
-409 203
-230 205
-29 195
-473 447
-454 460
370 -325
263 -451
81 -428
70 -92
-154 429
-472 -375
-30 -30
295 255
242 429
-297 380
-468 -256
-186 396
354 -148
-465 -480
-498 -428
467 -271
31 101
58 -25
-472 -254
259 -35
-104 -87
419 -83
364 -248
-371 -468
181 45
-28 -129
-59 329
-259 -25
-56 -191
155 29
12 209
-370 -122
447 137
414 -269
-300 122
23 -191
317 27
-397 455
162 153
286 448
-27 217
377 -188
98 397
220 94
330 -263
108 -376
237 -491
440 97
376 378
481 -360
-108 -489
329 37
-461 -119
184 -381
67 37
-188 -482
223 284
205 -322
284 -258
-267 -132
332 456
-97 279
-262 -283
-441 240
-498 -294
128 397
85 -468
62 43
-250 451
29 -363
-81 -6
254 -16
290 -359
276 -257
110 -290
-138 399
108 -363
435 -5
219 -118
179 -483
351 38
-205 -409
428 -8
438 451
102 236
45 -298
-482 185
-231 -462
-23 470
238 282
-383 -331
-320 -46
444 121
387 -413
492 -360
-370 133
277 -285
194 -54
-379 313
323 -169
87 -180
488 164
-417 58
100 -241
334 -303
418 105
60 360
132 236
113 -6
-23 362
118 301
324 177
401 -357
-499 -156
-499 -385
304 -290
-252 246
-495 488
-134 -287
-220 198
86 -284
-424 139
-173 -279
121 -61
424 -289
-199 257
-466 142
-480 15
454 -410
101 -40
433 470
166 355
-111 -448
155 -292
-387 142
-434 67
-52 132
242 350
-369 -33
-187 -322
465 -396
-224 -204
-317 -395
469 248
185 489
-161 -148
95 -222
-34 -107
231 376
136 -450
358 417
-19 430
34 -461
-388 75
378 -392
219 258
-362 212
-395 35
-459 316
-263 -38
380 68
-439 -264
70 -158
-190 440
245 -386
66 137
446 -396
-201 -207
-60 -497
-320 330
-427 204
-224 38
175 309
367 479
-447 -263
482 200
81 -144
-184 376
50 314
53 -206
400 -391
-438 496
200 258
465 -262
-471 53
-421 -355
253 84
308 -209
275 -386
-42 -93
82 202
-288 440
290 151
-32 100
-51 -142
-452 -486
-447 -142
158 -32
-183 -362
-402 45
-201 35
270 -380
79 89
253 -24
-119 333
62 -373
-370 -67
122 -359
493 79
-211 -303
446 -262
-55 -19
-499 233
332 390
473 100
247 23
-496 467
-293 338
-102 -131
-199 -64
348 334
-246 -139
-43 449
444 -187
447 84
-40 -300
304 -490
249 -426
168 403
-160 49
401 382
-399 -462
-499 354
363 90
490 -364
-386 231
348 226
81 111
406 -358
380 444
-169 -64
89 460
395 -251
-302 -179
-58 447
-162 -169
-443 -182
101 470
-452 -231
329 334
-17 -303
328 -120
-202 -349
-77 60
-170 -397
-327 -115
456 294
-434 -241
46 167
316 -238
-12 162
-348 -53
-207 -343
-235 -405
496 -186
-161 -456
-263 -238
-225 54
-416 486
-497 -405
243 -107
382 466
238 458
-342 408
-425 373
-315 16
-37 -299
-77 302
-87 -386
466 -237
416 -58
-448 -392
-369 -99
439 340
-416 -440
39 369
111 245
-390 -37
-132 487
28 476
284 402
-387 -32
-482 374
-212 -260
-145 -499
-192 -345
-39 -332
-139 484
186 15
-444 -381
-315 258
-353 -34
-226 -451
-390 84
4 240
-216 -29
-65 369
-332 -204
485 55
490 133
-47 194
-16 -493
-164 -391
-264 -329
47 -208
-146 -337
-495 -491
-391 -434
385 -442
-454 449
430 469
375 -221
8 251
479 -393
140 141
33 15
418 -403
492 300
-138 133
225 -44
-59 197
-405 -211
-240 -144
338 -396
-299 444
62 -331
53 -151
75 133
328 -441
374 429
-187 -133
-229 -130
406 152
103 380
-105 202
15 496
-438 -496
-400 -241
-129 259
7 -375
498 91
-44 -192
102 -138
143 -366
-229 -238
-243 -136
1 453
-73 275
-479 -413
252 -194
269 -25
3 270
-104 144
234 139
-344 162
-327 -423
10 165
118 -302
145 -199
-380 -313
141 96
337 -487
-40 -245
276 -497
-151 -76
396 322
327 222
-451 -72
108 -374
-427 285
-47 -248
233 -194
305 -89
249 -250
423 -363
-347 399
-490 350
-79 -79
-270 353
308 101
247 91
63 270
32 -63
-447 168
463 389
189 -409
-436 -232
-109 -66
-235 -471
205 -428
140 -409
-342 342
268 5
-271 -7
102 238
-115 -285
473 410
-276 292
44 233
-245 130
-413 -235
406 -169
315 238
-169 125
-206 472
349 236
366 -349
-30 -349
-405 299
-493 415
-443 -222
453 293
269 472
-8 -294
-201 -460
-442 380
-36 -393
-167 356
103 -49
282 182
-59 118
-230 7
-129 59
399 -51
380 -293
370 416
24 -221
-375 33
230 -116
-185 -395
-252 369
-352 431
-117 5
303 362
375 -287
-222 -277
349 478
201 351
172 -387
-467 -374
61 -218
-113 -105
486 483
71 241
28 -395
-325 -25
-293 193
309 298
-431 259
-369 319
209 67
66 18
198 -92
-377 -323
-26 429
37 485
-445 445
496 245
-213 -215
-268 -151
307 80
312 424
169 -379
-43 196
-354 -420
-389 -441
-19 324
96 311
-112 96
-327 208
-104 -272
302 379
-313 -446
-284 255
492 247
-14 -379
-219 155
426 -107
-202 324
-245 -312
-56 -376
207 263
23 442
466 194
442 -392
-407 -189
-94 271
-242 144
-160 -83
-377 -81
-83 137
-414 37
-304 168
-232 -481
-365 158
-370 -186
-439 -20
430 -389
-83 258
275 -263
-69 -73
-331 -73
137 32
-414 158
288 201
-101 389
71 -322
365 -370
-356 -130
-365 50
340 -427
355 376
-127 107
93 110
146 -27
-28 -180
187 -255
314 -480
348 336
-258 297
469 -421
-371 -398
88 153
499 -313
160 -8
-143 220
261 44
108 -427
-276 105
-400 298
379 36
-485 -298
-296 163
-220 121
-79 -132
44 167
209 -254
-75 -13
-6 -408
238 218
183 282
-246 105
-81 -57
180 -16
395 -128
479 280
-230 -180
-41 473
-267 167
-198 -228
-312 424
-452 121
30 -105
189 -112
230 -303
-92 -354
-269 13
221 -123
177 -230
239 419
-78 483
-309 62
-204 115
489 42
35 360
-483 434
-64 -400
-304 -153
155 -356
-299 191
-29 -177
-346 -113
242 57
149 -171
223 -222
-289 -397
-172 188
404 55
465 479
251 227
248 481
-314 -40
-433 497
-400 445
-380 360
-22 -161
351 350
-31 19
-155 478
266 -283
254 417
-460 -387
-78 -93
-166 -206
51 -437
166 304
-340 -322
-266 381
334 117
-277 -266
-93 309
397 173
237 -45
493 -119
-465 437
190 -157
415 -39
-284 -40
220 -278
60 -496
10 -88
-469 -86
-263 19
143 441
-21 -219
-30 -39
168 205
-30 -268
273 -496
481 436
-58 -101
429 246
448 259
186 259
239 -144
-417 491
-302 441
-491 276
-310 -201
180 -337
144 -31
80 213
-173 -196
-330 86
50 -447
-270 100
-141 -244
411 498
225 79
211 -85
-18 92
276 310
-67 -93
425 -385
306 152
-35 -141
20 -434
-271 -381
-253 -364
-23 98
90 -254
-304 344
-392 -257
-337 167
375 144
-136 -72
168 339
400 -321
234 141
189 398
-470 -470
-185 -72
-51 157
207 452
-15 339
-227 -69
-112 406
-280 41
97 -238
341 388
-117 -490
132 -15
-257 -56
458 155
463 499
277 -186
-352 57
-96 -17
-407 121
-206 111
-299 -117
-346 -421
449 42
399 -304
-391 65
-402 -353
-139 286
337 -14
43 -461
-310 175
226 155
474 -9
-113 460
-335 347
69 -58
215 -4
-276 173
-295 -106
-75 163
-312 250
195 -242
269 461
-177 -114
20 171
218 415
-313 -1
-24 -165
-215 304
220 461
-303 420
354 461
206 297
13 168
-292 286
71 109
114 479
-472 355
-386 -396
-156 66
-151 181
205 45
-382 19
490 177
270 -55
27 187
385 420
-498 73
-292 178
439 397
-344 -278
444 475
-358 -442
153 299
-235 -335
-112 -36
493 -185
-209 297
-350 321
118 197
-402 -98
341 -283
373 -102
271 -113
-263 -47
-425 -375
311 -41
-264 -272
-187 -318
-294 -444
456 -212
46 -339
-455 -96
-73 -31
-199 -436
141 -331
227 -328
-107 321
354 -102
-219 265
-288 431
340 488
-362 216
-73 90
348 -146
-258 273
163 303
-164 -92
190 -89
66 141
470 -35
-349 -367
-405 -33
25 -449
-321 375
276 365
164 -371
246 193
136 -433
-415 447
163 195
-457 450
364 -81
98 443
-119 445
165 -25
113 -215
-267 -436
-42 -89
-152 39
44 -315
352 -199
-433 -240
403 32
-301 -84
351 -387
-205 -376
287 -143
-467 -117
-471 407
215 -312
299 325
478 327
390 214
-395 402
-457 -476
439 76
-452 -361
-196 -435
-103 -473
420 -432
296 27
310 -304
222 -417
172 -9
337 -430
-159 386
-346 -487
-215 -4
-493 -12
-423 461
263 -29
-76 276
479 269
-462 240
264 115
-368 104
-344 232
41 -186
-479 7
197 290
-75 -132
123 112
131 -64
-389 -63
-73 -352
-49 5
-421 362
-121 102
-157 179
-42 166
44 169
285 295
-130 53
-246 107
-72 -6
112 -414
260 467
-100 -68
328 113
-379 251
395 -126
-63 228
-123 -52
405 333
-407 418
-409 -180
-421 254
-106 -408
-29 -417
-129 -355
397 -309
-135 -170
167 -128
-167 292
122 129
24 -406
-241 77
-4 -239
-408 -329
-417 117
-13 -59
-68 5
-283 80
-261 364
-165 72
201 395
148 303
-420 -218
-231 -282
490 3
383 -123
228 3
104 462
-380 120
382 -348
-143 -462
318 -67
48 72
400 460
152 129
334 -123
100 -290
241 -351
-346 -111
349 414
-338 -287
-47 185
-28 427
302 73
-349 -446
-22 -280
146 -467
189 132
-183 260
73 -43
-161 -210
-225 300
-434 -103
-116 435
228 16
33 6
-14 -335
34 416
280 -346
-202 368
426 -292
-463 -269
-243 -37
-389 434
-7 499
-186 268
-14 -443
-37 -161
-359 -212
455 301
472 -284
-249 -81
-299 327
-454 453
358 368
81 -435
442 -456
-398 -204
228 487
-328 269
-421 -417
-55 -94
206 -319
-321 430
-128 330
-111 -255
393 -456
-466 -483
-301 -150
-260 -378
394 146
-253 335
-366 -131
386 -496
231 -370
470 -88
270 -442
-344 -76
354 -34
426 71
123 33
352 -373
-139 33
-53 -422
-272 443
141 -142
370 -319
342 -152
-52 446
428 -149
-59 -496
89 156
168 449
326 -160
-132 -72
14 -18
284 -386
280 138
-367 327
187 -319
191 325
318 -388
-30 326
273 98
438 202
188 -498
429 382
298 -367
-368 -191
485 -275
220 208
344 -480
-224 231
-359 43
420 -256
12 444
203 -254
-18 -482
395 -313
-178 54
331 -69
-493 164
142 446
481 -125
-414 457
68 460
-254 180
219 -125
324 -72
-251 -303
420 -364
43 -351
447 493
-106 -474
14 116
-465 118
-364 170
495 -69
-130 108
66 -246
-466 -107
-210 -410
134 154
-138 -305
406 -407
-437 365
395 -71
-333 422
-464 -290
9 159
312 -69
-275 400
456 353
289 -53
321 165
278 -471
209 -305
484 -366
425 222
-48 298
-475 194
-403 70
244 -348
56 355
482 -291
201 450
-438 234
295 -181
-108 -120
-430 -171
401 -243
492 -125
483 284
-87 -98
45 -171
301 -474
430 165
397 -12
-121 62
-66 -268
-456 486
-119 71
290 -219
496 115
436 -165
64 -37
325 233
-443 132
42 -348
231 -449
93 -154
103 305
-100 242
122 318
-83 -343
268 372
-23 -329
-400 -316
-183 207
-362 -24
255 -348
477 -272
311 190
366 -103
-145 -319
345 -455
-485 256
420 362
341 69
-172 487
-215 -378
197 -434
-282 -203
-179 484
-356 -381
12 -214
41 487
172 -262
-200 132
328 -274
419 -385
-266 -488
308 13
-31 318
-215 -257
299 193
423 488
-353 38
-438 -329
-161 -21
-156 323
164 -490
155 -44
67 72
141 21
-379 -244
-285 -380
-206 -87
300 310
-3 272
-179 -442
-14 -146
146 -157
409 482
132 -321
-12 -100
-404 342
-67 -36
296 -213
-1 93
177 324
232 31
493 72
-264 -136
-285 -259
-123 -426
126 278
-382 -421
397 -454
462 -325
-166 106
300 -387
-120 222
439 -272
-337 224
310 -194
-420 226
139 -76
-178 -241
-399 -469
-207 226
329 206
-254 -115
-222 332
-208 1
-425 232
203 -428
-98 398
-241 -176
-76 157
-293 -366
-496 -466
139 -184
-472 -72
-142 -197
161 -425
-407 286
-445 -235
-457 465
498 163
322 203
-294 -66
-432 229
46 39
173 -186
-400 181
-149 -466
-263 452
-3 -412
-442 184
-2 456
199 217
147 -468
-280 219
88 386
386 -186
408 -427
207 -417
55 -57
-342 280
-499 -458
-339 -469
-4 -250
120 45
-436 -173
-30 286
-211 -55
-160 405
-41 356
443 -312
175 -127
422 -21
190 410
-421 485
135 474
-294 297
-150 -476
110 -108
46 402
452 -408
178 292
467 166
324 346
-67 461
296 284
76 15
-4 -8
-138 -237
87 -119
109 -360
138 341
-487 23
435 69
159 400
-424 79
-144 362
336 -462
-344 -221
-224 -156
461 472
244 -280
376 105
235 129
120 179
376 -124
293 -159
-167 -403
485 277
210 72
-212 83
-6 188
130 -409
-352 -449
76 486
396 -290
-435 -447
-105 -47
488 467
395 239
340 303
100 -167
45 -103
475 -290
251 231
-388 15
-364 372
-333 -315
-89 311
-471 -20
-435 -326
167 8
368 -2
363 -346
-141 -145
-119 139
115 77
-465 -498
-102 -446
423 193
-125 -164
362 183
-263 131
210 314
55 440
306 22
-417 -336
-126 136
-121 480
278 -40
-319 -259
262 -48
277 260
-74 -492
-408 386
333 -397
-469 147
338 -282
-351 -90
-104 16
-379 -189
204 -97
135 32
355 301
124 -386
74 -207
-308 -309
-210 34
27 -319
316 -445
178 -150
-17 -389
246 250
-255 -32
-21 -94
-71 314
493 127
-229 -124
299 32
-331 -135
-245 -132
-479 -299
-295 -478
228 -437
-257 -186
128 150
-488 147
90 -371
-203 279
447 132
171 -32
207 -375
-462 55
-96 -376
-79 -207
187 -88
435 -252
-312 228
-336 -358
-386 50
-414 217
357 94
-216 461
200 -378
241 148
365 -311
404 -383
249 -257
230 -499
460 -37
-201 446
50 -201
-406 -481
-64 451
416 -373
-75 -196
252 -67
155 266
-57 346
339 -472
-209 -75
476 -201
434 -198
398 108
-3 -465
-208 298
-186 57
-117 453
-491 -54
-35 -3
-318 -126
441 -303
279 -365
320 -364
373 -353
406 -405
371 -426
142 -249
-63 285
-290 -172
-106 -351
229 393
-454 134
12 -359
-470 126
-121 51
197 360
-287 18
179 -475
-7 301
-460 -462
147 -279
303 234
215 121
-204 403
-36 -279
-413 -229
101 -45
309 170
285 -453
-357 309
-67 -410
-272 124
430 396
-314 -102
80 17
236 301
-36 -158
258 60
-155 416
249 240
-197 419
-436 -92
212 358
-244 78
-301 -456
-43 68
378 -168
-107 83
-350 325
-149 315
136 484
189 310
294 -391
-362 207
101 -32
257 -44
496 238
-313 365
-67 -397
-332 86
134 -407
-198 315
208 -458
232 -101
-379 -255
71 476
-335 -212
66 132
341 71
415 20
396 -222
208 481
280 -168
-400 -193
-404 331
62 -391
-492 218
-208 -252
110 323
96 425
461 -386
20 -388
314 318
-402 148
369 25
314 89
-416 -16
38 191
-413 255
142 248
44 -324
269 -206
-296 22
-86 -434
306 90
3 318
56 -85
-445 -367
264 -136
300 312
107 146
-191 452
-460 35
467 -100
411 -490
-183 -246
-383 403
314 331
-385 -424
-129 -498
270 -264
-91 282
349 29
-327 -483
24 269
206 -20
435 -426
-47 -429
-245 -185
-232 -246
-375 -295
-296 35
-365 164
-288 -370
-25 498
89 105
264 335
-175 -493
-65 -133
-499 349
280 316
-152 393
8 -372
192 203
-135 -421
-400 62
-106 280
-485 -305
45 449
-296 385
-408 -351
175 -259
-379 121
135 342
102 165
33 331
438 -438
-32 350
458 214
-306 -182
-442 186
-173 347
307 -477
-440 3
377 225
437 276
447 -497
-434 -246
-85 -358
302 -178
401 -428
-296 398
-307 -286
-192 455
-165 63
-98 -176
416 -184
-369 4
-159 -415
112 -181
198 -178
415 -409
-326 -407
493 450
221 -9
-96 284
9 337
196 -66
493 -368
-259 293
-268 473
-489 474
-192 468
183 -409
-180 -461
-340 -450
-249 -332
380 -124
-112 -98
457 -170
-364 361
481 187
-94 -44
164 480
-218 415
164 251
-232 251
-64 -165
-95 256
-152 -278
-240 -391
472 -414
-82 195
23 248
358 467
334 -119
-236 -272
-109 -460
-164 -396
410 -390
-499 28
175 238
423 74
73 -39
149 185
-462 31
319 367
102 -156
24 190
304 244
82 131
20 485
142 182
-474 -316
-356 -324
-406 84
-112 265
294 -94
-274 388
-235 316
49 -154
-345 -310
-450 162
436 255
-342 -39
475 -46
29 -392
208 -390
-291 -74
-40 -492
383 365
-140 95
-335 85
312 -333
-22 316
-499 391
24 203
-498 -431
-245 -251
412 -210
-373 -22
18 388
-380 -439
-134 31
246 252
309 -217
-269 -194
-402 445
-211 -253
-416 281
160 -310
297 -335
-331 96
-42 -30
151 -130
99 -320
-359 34
-166 -66
272 -392
31 448
442 19
-255 91
-76 93
-71 437
-305 270
322 368
-399 -183
-318 -487
-226 270
-166 284
-56 -73
-237 -414
-199 -122
428 -24
450 -494
413 -147
-473 -240
-55 273
247 86
154 -142
407 38
173 -129
-113 -486
-120 292
306 400
-188 -135
-348 -124
268 -121
-128 -121
-324 4
207 -131
105 -142
-5 -14
-160 112
79 394
349 218
58 -483
-52 -355
-102 53
434 33
-292 -71
-254 184
351 35
392 -193
-467 305
436 -416
334 -427
251 -196
41 -6
127 -3
319 -62
107 -470
81 295
-153 128
253 -416
-417 284
423 -234
276 -18
-252 351
-295 -100
-139 413
-361 300
-408 -41
-403 303
137 -470
-266 308
97 131
303 236
-406 -224
-150 -298
435 355
421 457
347 -475
352 357
-88 -467
189 70
109 -182
-175 59
-225 467
-77 365
-179 354
265 65
283 -110
-108 234
382 -397
368 -295
-320 85
5 -384
-262 -499
-216 142
-137 435
147 -35
-273 -392
-38 414
-100 -464
394 -158
297 175
85 255
272 347
363 -289
249 363
321 -286
271 122
-42 -338
-18 19
183 9
-469 83
288 62
81 -268
-255 -217
259 4
433 -109
-467 -366
135 -32
230 471
-119 88
-257 -142
-312 -78
417 68
384 -109
-120 -137
427 261
-153 -314
-107 327
221 -396
-278 445
377 -378
148 -201
321 -273
-386 -135
-364 -376
-108 -450
-190 -489
-428 97
343 11
-72 -268
279 484
-232 -486
351 -394
-212 395
429 428
322 302
446 -386
-105 494
-265 276
154 -329
-204 -37
40 323
-268 207
-104 86
469 -318
419 -139
9 -37
-430 330
344 -313
311 -490
-441 171
431 100
436 444
448 -485
444 39
-456 48
-21 205
-274 -241
-233 285
-27 161
-449 172
55 -66
-174 111
-224 290
-281 -244
-312 177
407 -136
-309 -306
-125 269
-17 -198
-375 -172
89 457
359 89
-202 -244
381 -418
231 52
181 460
-363 333
-24 -467
-286 -238
-262 119
149 -310
388 -28
173 -182
136 165
-301 164
-241 -51
-453 295
144 285
259 272
-145 411
-216 -287
-151 108
91 -359
-47 165
108 -190
-358 303
283 -189
-8 -136
203 -182
409 152
-180 -472
152 1
124 168
-187 306
-10 -61
-222 -469
36 -174
-112 -338
359 -487
-355 -59
151 301
-130 288
-364 121
-278 124
-122 -117
-127 -461
-337 483
-334 229
478 -122
-326 -176
436 -119
334 -130
-299 -43
13 458
462 284
85 68
181 -224
-158 310
136 299
-317 -235
-283 315
-400 -499
133 1
-170 192
124 410
366 -286
171 -296
336 -229
360 -101
-110 -50
253 -227
84 1
-102 -455
238 -350
386 302
348 -219
110 367
260 -332
-76 -281
466 -227
-30 -165
-90 -445
295 120
-452 371
434 235
377 -336
-349 -440
43 313
-363 -338
134 468
280 -232
-460 -42
-59 302
-75 -460
-323 -37
-117 68
325 413
-250 -47
237 300
311 249
-90 -324
407 482
-27 -39
28 -332
-490 -29
33 12
2 433
-160 -383
-391 -316
-376 487
104 -337
-125 -160
-409 81
-62 125
-165 441
53 -154
-286 380
-80 485
457 195
-347 141
-27 82
-411 385
143 -490
308 -157
423 318
-42 -270
472 -49
250 -162
90 -380
348 144
-282 -23
-2 31
-95 -426
-314 439
-338 -147
295 254
4 -447
-335 -142
451 13
327 206
24 205
-162 -251
-138 143
385 147
266 -33
54 313
417 136
-373 -20
-172 -259
296 -154
-258 455
339 445
213 77
-173 270
258 493
421 -38
-94 -484
-155 31
442 21
-315 -187
72 222
-337 54
419 37
-211 -359
317 26
-318 -485
387 499
-262 -176
286 -371
-67 265
-241 112
227 217
34 88
-367 -256
-76 445
-238 -371
-40 -356
-347 396
-113 334
33 388
36 -132
-382 -120
476 -89
335 -65
-369 -181
113 -141
-309 -130
-240 229
-457 -294
300 -315
-483 471
236 158
351 145
117 -22
-246 -74
227 109
-90 173
6 -119
45 -191
-115 -409
-449 469
14 230
160 284
-117 -482
292 -314
-465 232
-66 -288
85 -119
-242 -477
319 -181
-301 111
-337 417
203 -127
-136 178
459 -430
-137 -47
174 -185
-351 -299
-74 238
430 37
251 -194
60 238
-124 417
466 -306
-140 -116
8 -181
-481 -409
-438 227
-347 -409
145 282
313 -134
-48 412
-343 235
-34 -242
377 295
344 118
-365 -342
55 15
-476 -173
-218 351
-22 -3
-378 133
-380 60
-210 -54
487 -355
-427 -52
-9 -293
-21 407
-63 410
-301 -465
-162 138
-159 -116
-11 -218
-333 -269
-383 139
-402 -103
-366 -446
-380 410
217 400
-315 310
373 -107
-128 136
413 231
-282 -331
-382 485
26 -215
-148 -102
-420 -36
342 -467
471 172
-462 -33
-433 439
304 180
-226 -49
-142 359
235 80
-166 -264
338 -465
-96 475
386 478
477 -158
94 77
80 142
253 70
392 414
-372 18
-133 300
-353 31
385 -269
250 -457
-354 -194
-5 485
370 -392
-487 445
22 322
-470 385
-369 437
-123 -325
479 9
11 429
-8 187
33 188
374 252
19 24
-451 -154
-298 88
-42 -215
-493 -151
-20 32
133 311
367 478
-361 -490
-188 -333
397 357
240 -381
-490 268
28 -35
146 -43
-496 453
-484 -439
71 -446
-263 203
265 322
254 -325
37 -94
-473 -425
-443 -317
333 -96
-152 155
-337 338
246 430
236 -258
-76 150
466 204
175 -497
268 -306
-390 -306
307 -378
148 272
-336 -70
311 -488
206 -16
407 -255
-84 151
-278 -358
-380 -140
112 -432
48 41
428 33
-16 285
-40 -301
390 -488
328 -134
-202 -363
212 -80
50 -142
284 -204
-387 -409
280 320
-162 -62
96 -255
-391 115
-25 -316
462 -198
-163 -21
257 336
86 454
58 392
-44 344
128 -367
78 -188
162 449
437 388
237 -195
-341 -172
-281 -121
-66 -462
197 406
176 -434
-8 -255
98 -354
277 -123
199 452
-422 -124
170 -478
23 226
-27 405
303 280
480 -316
127 54
35 236
33 -362
203 49
-458 303
-183 242
111 231
73 -61
191 -69
-482 131
421 393
94 -2
-85 -233
-214 -347
379 396
-265 65
-167 408
442 452
-317 -354
-384 410
-343 411
211 -235
483 224
-197 465
115 -172
73 60
288 -244
147 -220
-473 301
119 -53
344 294
270 116
297 219
28 -464
286 -169
19 -284
-103 19
39 368
-175 116
-488 -344
169 -340
-115 -99
480 -182
-200 59
400 -471
245 -345
-182 76
-205 358
-141 -381
468 -300
271 -171
-464 363
197 -386
-244 137
110 369
-329 -496
149 68
319 250
-14 -219
103 366
330 -409
-446 -371
-362 266
-130 -394
-70 -380
-166 -317
-354 -139
-115 143
-148 -34
320 71
-351 -97
-369 492
462 420
479 -165
286 423
14 -265
437 -162
98 143
-358 -137
321 -108
-362 387
495 -450
352 -270
472 61
398 -154
-244 379
-134 22
31 318
-167 -155
-334 -332
397 412
77 205
-417 -330
493 120
386 -272
152 -439
-485 438
487 305
313 189
44 -265
-268 143
398 -262
-212 452
-52 441
-71 199
479 77
484 421
281 321
-485 330
-174 -74
449 -324
-396 -416
-102 -198
266 -31
-166 275
-22 -498
-466 -475
43 -369
-105 -496
411 -202
-277 215
464 -339
15 -431
-398 -75
-285 -427
377 -79
-239 -311
437 -28
-344 161
196 -154
239 216
-479 -64
-492 411
-332 400
-104 264
496 -266
-165 -12
-313 -139
265 -428
-359 388
402 -423
-345 57
-254 175
-354 237
-471 -348
-296 444
-437 468
-282 113
-250 331
-290 -300
-123 -123
-263 -426
165 280
-127 -417
-199 3
136 222
-485 -354
208 98
122 58
-37 -487
436 -304
83 332
410 461
-497 -472
193 -291
-378 122
384 445
181 -409
-251 -66
298 112
160 407
-387 -220
96 163
-162 127
283 -11
443 -22
-116 14
272 96
222 238
48 351
225 -245
134 162
-219 -222
455 217
-230 114
68 -458
-414 -461
-67 -417
-337 -278
298 4
-391 425
168 123
-56 415
-475 431
-110 -343
-83 -240
-269 307
390 -57
-207 -276
-464 68
128 -286
312 289
-82 133
193 72
55 367
-360 -104
-453 -332
-154 230
438 -124
223 -49
457 -111
410 -223
484 -237
-86 364
-436 22
68 -216
422 53
-406 130
-327 423
466 59
-2 -275
-104 -57
-481 -273
-375 382
-348 485
-491 436
407 -400
114 21
53 -218
245 -277
-495 -87
-359 -41
71 -457
59 243
-304 154
236 -390
315 -97
-148 -87
461 -272
397 238
-104 -44
-145 -82
-63 -272
-94 149
-416 98
-471 162
167 190
432 -330
451 -51
-326 28
-213 -95
379 -449
232 255
-100 -447
-164 26
180 -164
161 -443
-453 -77
-183 -482
391 -210
148 32
-215 -20
-339 439
313 365
98 440
46 21
363 -43
-479 -130
-474 -15
-447 88
-150 311
277 -376
42 23
80 278
-129 -384
148 153
55 -304
-162 -302
-276 -138
333 -94
-175 439
-84 32
398 35
117 -207
141 150
-258 404
-59 -433
395 -263
465 210
322 427
-160 158
-444 399
-257 225
25 -318
453 92
429 -494
-292 -25
453 -137
-120 230
274 386
-461 -63
-169 45
-367 -428
-271 34
221 -258
4 -27
245 99
317 204
413 -317
-240 286
300 -258
236 215
-155 101
39 344
188 -314
381 -414
292 -486
-319 -411
-171 278
457 -419
484 -316
-392 50
171 392
-44 467
389 -203
-497 -296
-286 -113
-213 402
236 228
-325 -334
10 -115
404 41
-186 10
-171 -419
-252 410
264 475
-139 -467
73 -288
413 275
-266 246
-440 359
-492 -97
-16 -397
-498 125
-407 -282
429 -10
305 449
-421 -446
84 221
-53 246
-81 413
404 -67
-9 -465
-133 -6
-427 -224
-51 -462
152 126
403 -292
255 -419
205 -11
298 180
-418 10
-308 370
-374 -213
-94 70
434 226
-380 238
-7 483
464 105
-180 3
-216 80
-433 -443
-385 308
279 59
143 427
210 188
447 -357
182 126
89 -102
-297 357
-495 -382
415 68
-306 308
-317 -110
-133 236
-274 260
-92 8
238 -117
393 -472
109 -231
164 -332
379 -407
296 -405
-93 308
22 258
-269 -443
199 -338
99 478
-223 427
200 301
-494 378
-97 14
87 360
-340 27
-488 -100
-213 -161
315 -271
77 315
409 -407
163 355
20 -448
-85 24
-209 483
66 422
331 -327
-146 14
-127 27
396 68
-141 92
-413 424
-468 -266
421 -397
250 -50
-273 -320
-263 139
-341 448
-338 -35
61 199
-457 273
-399 -311
93 151
406 382
-69 89
-408 394
-276 -204
-446 -127
228 -442
31 441
351 -335
-59 -499
359 14
369 436
336 259
-430 268
160 -196
-336 -363
402 -434
-485 -486
-337 166
7 -24
203 -378
287 259
497 -160
-467 56
345 -29
341 495
215 -139
449 -201
-45 459
401 -272
-306 -134
141 326
-425 174
120 -26
-274 -411
37 -24
152 -74
50 -85
-65 -301
-382 -8
-432 400
8 -311
-25 -488
486 216
238 151
396 -495
401 -380
141 447
332 -251
-422 -188
-335 454
-316 467
-148 -474
452 -479
-369 -177
300 -82
379 211
-122 -300
-301 223
403 339
387 -423
428 103
-312 -461
-247 459
-318 -10
-478 -228
334 -313
-65 -59
69 170
-74 350
-11 -348
25 100
295 -305
-457 -169
-467 311
381 -117
212 340
-406 -2
-337 -397
-349 303
-482 417
344 1
187 283
88 -248
374 -120
112 -120
24 -4
192 -420
111 409
276 -12
474 232
114 -340
91 -58
-90 -399
209 163
25 342
-419 365
310 474
411 297
-255 473
-293 181
440 -463
-464 299
-180 -171
-290 186
274 -230
124 240
110 76
-200 116
-204 411
80 -96
498 -337
478 179
-188 355
-496 -27
352 -455
54 -112
-48 -160
-62 -58
306 -157
-378 379
-103 318
-60 -278
363 -175
337 361
161 364
481 -449
-357 438
166 479
-342 -220
-2 -152
204 -47
493 -173
166 -339
245 -275
-383 156
98 429
29 366
206 -267
472 118
133 423
174 195
-282 -85
380 300
-350 454
-178 -257
-366 -308
41 -213
206 -146
276 364
252 -259
-15 151
425 -331
222 -431
-59 -444
409 -339
-467 -10
429 313
-151 -262
300 428
-135 -318
155 195
394 211
157 -25
470 206
-349 103
-401 -316
-83 259
352 150
123 327
128 442
52 -371
-237 -474
-115 455
-494 -130
84 -382
-379 345
-215 224
-499 465
