200 200 1000
-131 65
-19 -121
132 39
135 175
62 -47
190 120
-151 -173
-80 -122
116 -49
-187 142
154 54
-16 42
156 -4
122 -6
-27 140
65 125
61 -165
-124 189
107 131
123 66
-183 -108
-28 -85
-116 -198
190 -15
-182 104
-94 -12
97 193
-50 31
-192 -62
-76 131
-166 -199
133 134
-70 174
3 6
-14 -65
-113 -178
-115 41
45 30
-170 105
186 -120
-6 195
97 -198
95 107
-77 -76
-21 -86
58 -22
130 83
-51 71
126 -144
101 19
-82 74
2 -94
56 -114
16 97
-25 -182
-179 -2
-100 151
2 180
66 183
125 -158
-80 138
102 29
-185 -55
152 -132
-84 -3
-190 -152
190 -20
8 -149
147 9
7 124
124 44
-13 66
122 -155
-72 -151
-16 140
-189 -160
55 191
-88 -19
-195 -1
36 187
-10 80
93 -182
-43 -97
-2 -96
185 148
-166 61
-139 -74
4 -156
92 -34
147 -126
115 -60
127 -95
-198 -142
53 -133
-18 -175
-124 -95
78 49
147 -108
-59 71
-124 -86
99 -148
33 154
105 -68
-198 123
-169 19
108 -72
-198 -106
-177 -74
-17 -85
9 53
184 -95
-104 185
105 179
-91 -62
-166 173
-65 85
-24 -143
-2 -195
150 -70
170 -3
177 45
-36 -90
-196 196
-54 -129
98 148
-189 64
100 -62
-80 -20
-130 159
-34 -44
-95 -140
-71 -173
-185 -195
112 159
-23 114
-78 178
-117 196
-127 -105
-4 -16
-2 164
115 -56
-184 35
172 60
57 -168
107 98
-37 72
16 87
116 174
151 -134
-25 -192
72 -40
194 84
-82 -98
148 117
-8 -14
-121 -71
130 -62
105 3
21 31
-6 77
3 144
193 -141
118 -46
61 85
-188 -125
-141 108
-100 6
-79 38
-94 -189
-79 -191
-40 29
156 102
-63 73
95 -146
157 76
50 -50
112 172
-65 -28
177 152
197 130
-98 33
65 -169
-27 -145
64 113
118 93
180 -75
-187 122
84 -52
46 92
132 95
194 88
46 110
107 178
-184 142
-27 -42
-75 -180
-47 -100
-106 61
157 35
-55 143
-109 172
-178 72
44 -144
159 -157
167 -144
111 193
-19 -173
-187 -166
-83 -90
7 -35
-29 -110
-118 -48
129 -180
94 -49
-198 90
102 -27
-181 30
109 -131
116 155
103 -53
122 189
-77 -11
-184 -137
167 -41
45 122
-105 25
161 -103
-47 -123
189 -14
-107 73
18 104
-59 168
-191 -168
-90 162
149 26
-148 -179
-63 45
-183 -48
-88 -21
-13 -107
-199 102
177 133
96 56
-115 -146
-44 -95
195 187
164 181
170 112
5 17
-60 -103
-127 145
46 -174
-124 -97
-164 105
-112 106
-89 19
12 160
-33 18
26 67
148 102
-76 -182
-24 -181
-50 -35
8 -183
-151 -109
65 171
197 -186
-53 57
193 100
-68 -84
131 -113
140 -46
-49 167
-196 5
33 -154
-56 146
179 -100
16 13
-189 -118
171 -193
81 -96
180 -126
-3 170
135 122
139 -155
-115 -151
45 -162
138 -123
31 -97
-134 -155
-177 -126
191 130
-80 -175
165 -17
157 -101
106 -85
47 27
-157 -50
-32 -117
-72 174
-77 -21
55 -140
156 190
-143 141
-94 146
50 38
-30 167
72 -42
149 178
-62 80
-109 157
-14 -100
115 112
-130 -55
-171 182
104 -117
-71 31
84 63
118 28
133 -72
-76 172
85 -149
-59 14
-85 123
-33 161
84 -99
-9 100
166 -48
-46 60
-41 -100
-5 -159
69 28
168 159
18 62
63 -177
-73 191
-162 -125
93 -15
154 90
64 196
22 190
19 63
37 -41
-88 175
-96 -156
42 -115
15 -69
21 91
-133 -196
184 -4
135 94
195 145
-64 132
50 154
27 152
3 -196
-53 150
-171 24
-71 111
74 -127
-156 -104
-100 84
80 5
155 194
-188 -29
-119 -186
123 -6
101 -174
-63 -29
-185 134
101 -165
-29 -27
154 -162
-49 -122
185 -184
-144 144
131 -155
98 77
31 5
181 111
-174 -126
-94 -8
166 68
-57 -99
-56 -134
-10 -167
198 -138
-154 -4
83 70
-76 -94
-26 163
-2 -145
-155 -140
-12 -82
71 -66
62 114
70 -13
9 -32
-97 -41
-190 158
-100 70
56 70
-179 164
-7 -148
-179 -56
79 41
113 43
-75 -17
98 54
-101 -146
16 -128
-84 -66
142 -141
-38 139
174 -198
-80 -105
-88 -100
-61 155
-32 -38
-171 -98
36 115
46 147
-179 47
171 178
-190 -130
167 37
21 81
-184 -50
-120 105
-186 178
79 -67
-193 -99
4 28
136 49
-10 93
105 80
-194 183
161 -7
-94 -157
-156 48
-52 -133
-75 140
86 -181
9 -28
193 183
169 -165
76 34
-136 133
-135 107
-42 146
-159 -3
-150 -174
-74 -54
55 -151
153 -146
-153 -180
34 -88
136 170
-105 -185
64 163
-80 -101
-198 163
156 17
53 181
-55 90
-105 71
-100 186
-23 33
55 -57
-63 -183
171 2
76 2
-46 13
196 193
-116 88
160 -157
199 100
-31 -115
-98 -16
65 11
11 -100
133 -7
-39 -190
-183 25
26 19
70 -176
-65 17
198 -9
119 -153
26 46
-28 75
-15 103
-88 -110
198 -171
-195 154
-96 35
-177 -39
51 -23
26 140
-21 65
-52 -179
122 -143
9 -65
80 138
84 -151
2 -190
48 -74
11 115
-86 -65
74 64
-89 186
-194 -7
-46 26
-22 -44
151 36
124 -70
-8 147
-96 -64
179 -36
-182 -6
190 113
-44 -54
-98 -165
-162 70
-123 -100
-103 -131
-7 102
43 -68
-59 -88
152 -152
-145 159
-73 175
-96 21
-160 18
-54 45
-74 39
-30 -16
82 -113
-53 -158
-29 -191
127 -191
161 189
16 198
67 182
8 -133
148 -10
-26 -37
39 83
34 14
-84 40
127 65
-124 -182
46 -12
-86 -70
171 10
164 123
-153 178
-20 -116
21 160
43 71
126 -151
-89 199
164 -48
-27 -146
198 -37
-90 54
72 125
-164 123
-134 -105
155 7
-86 42
95 -35
-117 73
-137 -22
-37 111
195 -159
54 -198
-76 -137
-45 -159
-120 76
7 -121
-98 -67
-139 81
164 -147
-81 13
83 -135
53 13
-70 162
78 186
23 70
-184 195
-149 -104
21 146
-41 85
80 -34
186 124
95 104
103 117
-37 -195
-70 18
-27 -151
-102 84
36 36
-190 -29
-132 -186
-30 109
128 -110
46 86
47 63
80 -178
-88 -134
139 -92
-127 185
-18 101
59 -115
177 20
-111 111
60 11
-70 -108
-96 29
8 -161
50 92
-117 -85
99 -43
10 19
-26 -56
-192 159
-78 -85
185 127
-89 -76
-141 124
-117 180
83 116
81 -92
125 131
21 -97
46 -13
145 100
136 -147
-110 -190
176 -65
80 199
74 -113
161 44
93 -100
143 157
153 -189
185 -17
81 182
110 -11
-38 100
94 -19
-195 116
-7 87
109 128
-96 -3
12 -43
178 -20
-142 137
24 -60
9 -112
-16 114
-141 92
-114 -183
80 -80
-14 -87
-159 -78
-108 -94
-88 -27
-76 -53
26 -33
137 91
59 1
-167 76
-38 -179
178 -146
-119 -24
81 -79
104 161
-86 180
74 -109
-112 -138
180 -91
-114 -71
-170 -61
-197 -78
59 37
-35 -7
-100 111
-146 153
35 -101
-182 -197
167 -34
-187 133
-186 98
115 26
4 -52
-94 181
147 -31
26 97
78 135
68 103
-190 64
-76 86
-27 -49
-163 -71
-152 -71
113 120
-180 -133
156 -175
-54 92
179 65
3 -39
-151 -88
-197 43
194 -63
39 63
-52 43
86 -5
-114 68
-13 -118
138 42
28 170
-42 -145
-68 -45
97 13
-155 -113
6 142
-111 -16
82 -30
-175 76
123 169
68 -194
-9 -130
-65 -31
-5 -169
66 -109
127 148
38 -180
-49 53
123 7
-126 -23
-197 -65
58 -193
67 -126
53 -61
22 122
-151 60
193 -167
127 -14
150 137
127 -5
161 146
-10 17
-180 -147
-54 -160
3 -44
-3 -115
36 -96
-83 51
178 -183
85 16
9 134
48 116
12 -197
-168 92
141 -56
-159 168
-59 17
-139 146
-38 -180
64 -160
17 3
74 -119
-93 131
37 -159
-115 -135
-11 -96
57 57
-154 -108
6 -16
-130 -178
94 -34
-103 77
121 -169
-41 159
-3 24
59 103
-14 42
-30 174
27 52
-119 96
64 190
-82 145
-175 192
-7 -81
185 -158
130 181
-43 82
60 -162
-42 56
185 98
-26 171
84 52
72 50
86 -6
-128 123
150 6
143 119
-91 41
-192 -14
148 -193
188 118
-164 66
10 -136
-64 153
161 24
-105 152
56 -160
-129 -47
174 -37
-26 27
-23 -66
117 94
46 -195
31 -86
-168 -48
-82 -134
196 -171
-149 -35
137 179
168 157
-35 -193
-194 70
197 193
26 73
-62 -192
-27 -73
65 -79
77 -114
56 -48
9 106
55 136
-149 -170
-33 -129
197 -180
179 -130
-102 9
98 -55
178 -175
110 -72
-48 7
-128 136
-45 152
-99 181
45 64
-83 144
78 -177
-198 68
-106 151
-61 64
81 157
-145 -97
-159 5
-33 -8
158 -50
152 28
-22 1
27 15
-130 59
144 33
197 188
-119 -170
100 -144
101 71
59 102
-35 -180
-148 190
180 1
60 -181
-199 -185
100 148
30 -115
197 62
-49 168
-162 -38
141 158
153 -17
18 -62
108 79
-149 -90
-65 169
-156 60
-121 27
-10 105
-19 47
-156 69
-189 -108
6 -49
180 -125
-163 30
-112 75
166 -51
-155 141
39 146
-196 -129
-93 -55
-168 180
151 67
60 -42
-40 118
18 59
131 -162
6 -184
-171 -109
181 104
123 -157
137 25
-42 32
-199 -199
49 -88
129 -68
44 -194
15 166
84 46
-71 -166
137 -128
61 142
58 155
-27 29
11 -97
168 106
97 -174
30 163
40 -34
116 -57
70 -164
-162 -160
-93 -33
-14 -167
-166 -45
196 88
2 -43
6 -180
-172 79
-6 120
-163 164
-52 -176
-41 -176
-72 -145
-30 10
196 173
-75 -132
-155 -143
-139 112
164 -116
-178 -136
136 60
-27 33
182 36
71 187
161 -167
67 -174
-47 42
-144 109
84 153
123 -194
137 -21
-75 -1
-81 165
147 181
-189 -6
-88 -103
57 -103
-160 39
-163 141
29 64
56 179
3 -65
151 -78
-59 189
-8 33
172 -46
-3 111
-165 189
60 60
31 -165
-12 139
-41 -163
-116 72
-138 161
-101 -19
30 -103
-4 170
-36 199
115 -59
51 -151
-120 -42
178 137
20 127
