200 200 1000
-176 152
-46 -129
133 13
-175 -103
-178 -38
73 -20
-89 58
-190 15
77 -148
12 -30
186 6
18 -127
-6 92
-166 -37
76 143
73 -182
-82 -56
-114 10
91 -137
-74 55
-155 -171
122 -159
-55 -84
-58 -71
-116 -180
132 160
10 45
-182 122
66 -194
27 125
137 -143
197 -129
74 66
-169 -70
157 82
-180 168
186 -111
-148 -127
35 -173
86 49
100 -196
-81 -119
24 -155
170 128
125 -14
-124 -81
-27 -130
-70 -190
136 -94
-96 185
-109 -163
146 45
-166 -60
41 1
-43 29
168 194
-51 -73
178 -12
-112 149
38 112
48 58
-187 164
-151 96
152 -132
-1 57
115 75
-59 188
-29 -189
-138 133
-190 -134
-81 20
-125 -157
-103 -8
-62 -110
-29 76
91 132
9 179
-135 67
195 -58
-153 180
-131 28
5 -48
-114 108
-42 -114
86 44
164 -46
79 14
-154 -99
-130 20
64 -115
126 107
-4 16
76 88
134 57
-102 109
152 -173
-151 64
48 35
16 -163
-112 144
-40 -78
9 62
-48 -82
169 163
163 129
-45 63
-10 48
-127 -199
-89 -96
167 19
161 186
-118 106
-11 -186
-140 -71
95 -168
-71 47
-50 -150
199 78
77 192
-100 29
40 -86
61 -54
-147 -83
34 -160
-31 128
54 -75
-59 66
139 121
-122 -152
95 -47
154 39
-78 43
-154 161
-117 70
-102 -67
-183 -141
-120 46
114 -16
-38 -55
-88 124
190 -30
164 70
-8 -176
-44 41
169 185
122 -165
-45 85
88 197
23 -189
36 168
-96 -131
-180 -103
40 129
-127 52
171 -7
115 -97
-73 -157
-8 98
191 69
49 -24
167 -139
-172 157
-45 -68
61 -50
101 -14
25 -125
152 -21
189 117
88 -176
34 91
104 177
-61 91
-44 -67
-81 122
62 180
-137 -57
1 84
-25 32
152 -183
161 -116
151 -139
49 -168
-130 -152
-162 -114
-90 -98
72 -27
55 140
138 193
-46 -55
-37 -77
-81 -13
59 147
-180 -135
-16 -122
-89 141
186 -158
-168 95
-178 72
-131 4
-133 71
7 -44
41 107
138 58
84 87
124 123
99 48
121 -4
82 -23
-41 -103
123 176
-167 96
88 -172
-41 -94
128 -127
-15 -185
190 95
-34 -189
112 5
124 159
-85 -24
151 -144
-79 -84
9 38
-16 -172
-89 33
-185 -84
-172 -154
-82 139
-186 100
135 6
-43 -171
30 -187
16 -76
101 -127
-97 -133
-129 82
-163 178
-28 146
-31 -170
-135 29
29 119
-60 41
75 -143
-82 13
69 173
145 -88
-53 -82
-181 -1
7 198
144 -44
199 130
73 -86
112 171
-58 7
101 -6
-96 142
42 192
77 33
174 -16
188 157
154 15
-11 -80
-168 -36
-27 92
57 73
5 35
193 -174
-94 169
-126 -192
-19 -57
-108 -147
127 -3
99 -65
71 -136
188 22
-184 141
-36 128
-43 89
-46 191
-126 82
155 -146
7 -72
-66 -133
-42 -166
-58 -34
117 -182
-115 -169
145 -93
-84 84
-32 -144
93 -113
186 -74
20 -88
-108 -8
-171 -186
75 -45
-20 -54
4 -87
-178 174
61 29
-173 -129
-33 31
-101 -113
64 -55
111 -123
-22 40
187 43
19 -188
126 185
-170 34
-52 17
120 -29
-168 62
122 53
-115 -12
143 85
95 -193
80 145
75 76
178 61
-179 89
56 -185
-53 -92
-10 126
-170 -92
62 151
-54 -42
-111 -186
-115 91
-197 -100
23 -97
-13 -32
-72 169
-138 -194
180 143
-101 -145
-110 -114
-94 141
43 -101
-35 -191
198 20
-47 -147
164 18
131 -159
-167 184
132 93
57 -90
-152 -84
-47 109
-131 -52
-15 141
145 41
-163 163
111 137
84 31
92 -96
-22 120
140 -47
-159 -96
7 -73
39 -130
-16 -66
116 81
-195 -199
-193 -80
53 52
-30 45
-65 176
125 166
-47 -17
174 -49
-166 102
-168 -69
-25 -1
-138 -199
15 -195
-13 -28
50 10
99 -125
-25 16
72 -70
-136 -10
42 24
-18 122
-147 8
166 -188
74 -24
12 10
39 -144
-128 -123
62 105
-35 -75
-128 133
-127 98
-161 -44
71 190
92 -16
-59 -176
-84 78
169 -160
157 113
-30 -122
-177 -132
107 -135
-150 -178
-94 -116
-5 60
-31 160
-21 -46
-167 -100
150 -155
86 89
149 118
3 82
192 107
-183 53
-157 191
45 -92
79 -179
54 -25
-81 -70
36 88
-75 10
-154 -45
-171 -116
150 119
27 39
53 177
-140 -138
-72 15
109 185
140 -66
-77 76
26 150
-156 30
-116 75
62 100
187 122
19 129
105 80
-17 -184
-99 -83
-138 -56
125 -82
191 92
-20 -110
93 96
-17 -166
157 -130
-174 -10
41 -85
163 39
-67 71
-134 81
-165 -163
-139 -25
181 -182
-168 177
-73 -89
43 113
-188 199
27 7
164 -6
81 -22
-70 -164
-46 -108
45 159
2 -41
-25 -147
-131 -49
163 169
150 -39
78 -46
178 41
60 67
38 156
-72 -143
-90 -30
-139 105
-146 -172
94 -111
110 -85
-71 -160
159 55
-123 -198
-27 26
97 -195
185 -73
-135 84
-106 120
-11 -137
-14 -35
-24 171
111 -4
-171 18
-82 -170
155 -59
-137 132
-40 83
-33 -21
-160 176
64 -107
140 50
-104 175
87 -96
-113 117
190 -111
-52 -53
147 156
-104 193
119 -144
-87 -1
-24 36
-175 151
-100 -75
163 -101
156 12
152 -129
130 -31
14 166
15 -98
-50 20
-3 104
-21 65
-89 -79
-101 194
-162 187
-189 -157
-179 -125
36 190
115 105
-186 -12
-172 -68
173 195
83 140
-189 108
-94 -149
21 -73
-137 118
-185 -160
97 56
-109 -192
-188 180
167 130
45 -134
-133 125
196 35
-91 -135
148 -140
-128 -35
-22 -17
-64 -23
88 111
-53 -5
-15 98
23 -37
131 -175
111 85
128 165
-79 -48
-25 81
-112 -64
-60 -26
-51 190
26 135
-41 -184
199 -175
111 -59
-75 89
-157 -130
144 136
-192 -51
122 -130
93 72
-51 -192
-51 -183
159 -126
-133 111
-184 38
55 45
153 50
-58 25
33 143
57 -165
176 -28
-44 -59
4 116
-92 -99
-98 -170
-154 -83
139 -87
180 189
-108 51
29 38
-116 199
167 -10
-20 -4
-138 -130
-1 41
-17 178
-183 118
181 -94
150 -63
102 -140
-152 -47
190 -18
196 -87
-130 -99
-76 110
11 -160
132 157
-189 -167
-149 -131
-105 -97
-172 -87
-184 186
194 -39
163 -17
128 25
-6 192
53 -149
-105 -70
-33 -54
182 -166
-125 110
-85 -83
-50 -116
199 -86
-127 -89
161 58
-86 199
147 123
-144 -151
100 48
-137 135
-47 38
-61 103
83 -14
-38 114
120 133
99 110
-79 -67
80 -160
-115 168
-103 133
127 19
-46 -43
-113 -33
-147 63
-65 114
11 -156
-178 57
12 -164
197 101
36 193
157 83
177 150
-51 54
199 -91
118 73
53 102
-147 -63
179 -51
86 -130
119 56
-110 93
94 -19
142 67
57 81
-90 71
-106 -35
57 90
138 -65
-68 77
20 199
-49 90
-85 15
-157 8
73 -195
151 133
134 -90
-129 85
-92 -15
153 -77
114 -185
18 116
-109 161
-108 135
-67 185
-177 26
32 29
189 -155
26 -33
134 193
198 -79
147 -152
-11 -162
187 -79
-54 142
-53 -70
116 126
-83 -74
41 132
47 26
-46 73
55 48
-134 109
13 -110
108 149
190 111
-112 -111
39 198
51 163
-142 123
89 -112
-48 139
-119 -141
-133 190
-120 43
-148 -28
176 -196
-105 41
166 -161
-172 -129
-86 -117
-10 40
153 165
-106 -175
117 -8
121 -47
122 70
-81 7
2 14
154 -99
185 126
159 -155
-23 106
93 -128
178 96
-1 -100
-10 134
-140 195
81 154
-144 54
-95 -72
68 -185
112 -1
-49 -185
143 -24
-25 20
28 35
-112 113
176 19
54 182
170 -52
97 -113
172 -110
158 -8
-184 -117
-144 -72
101 -134
-35 -156
-192 126
-16 95
-158 2
-186 -69
-106 -180
174 -135
-105 -117
53 -196
19 89
-42 70
-182 -81
-14 150
151 -21
11 -77
22 -166
-133 86
-64 -71
117 -148
-175 80
-188 -30
85 -101
149 -98
82 -170
-109 -128
-49 75
36 -128
23 180
-111 100
163 -78
-91 176
152 83
-27 179
-106 35
112 -133
-8 -180
-171 171
-179 -160
-57 -73
20 49
-36 -41
-8 76
52 -148
-171 189
-50 70
72 68
-126 -78
135 -123
50 175
-54 -53
-45 166
165 -15
84 -92
33 -58
-61 87
40 -10
72 -76
-16 -189
-5 86
14 99
55 100
-131 108
107 147
27 38
-19 169
19 43
-38 -64
6 -165
-173 129
-172 94
103 33
-109 141
-148 33
13 -13
-134 -23
198 -126
-194 -65
5 144
90 -59
53 41
5 153
30 -101
101 -50
44 72
-48 7
16 10
28 -25
-56 143
-101 1
-52 -134
-170 130
-10 119
87 70
-51 -160
-159 176
83 -62
191 127
32 -126
6 -26
97 92
126 -101
-5 81
169 -121
-50 -61
-187 -85
-138 -174
4 157
145 7
39 -2
-110 -94
-66 -195
36 -129
144 60
-54 54
65 -84
164 38
143 -174
-23 41
-184 -47
-157 -170
104 100
-85 75
-8 57
46 186
-140 157
-193 -87
108 -159
128 -172
-128 140
165 -34
68 24
3 -185
105 110
-74 -60
-168 -58
36 -170
135 -48
-147 -26
-76 34
131 -180
-176 194
-152 -114
102 31
191 -22
-173 110
63 -171
5 98
-36 97
31 -1
-68 -115
-97 96
115 -143
162 -62
101 -69
-33 126
188 94
180 -148
40 -70
107 20
39 -115
51 -150
168 106
186 -87
-9 92
162 -197
89 69
56 -108
157 133
144 14
98 -182
158 -42
178 174
199 -32
154 64
-182 29
-13 -193
23 -20
183 -120
-140 -136
66 -22
46 149
-138 -99
158 -177
73 -163
-174 127
158 70
-109 -45
-57 145
102 -109
-55 -65
105 -174
-63 80
-155 -134
-134 38
150 -185
29 -57
-163 20
20 123
37 54
9 -17
-131 61
178 -87
88 -142
-167 135
171 -126
1 100
-81 -91
-55 -173
111 -150
170 174
194 -134
159 183
-115 -57
21 51
-9 199
-2 -180
181 -86
38 131
-105 -156
9 104
146 91
-63 -181
-119 156
-91 -1
91 -114
127 68
-158 66
133 148
20 91
180 80
11 122
-101 -19
-50 -126
82 182
-65 -17
-191 -93
24 -168
142 -185
130 -141
