100 100 1000
67 59
-13 -50
-5 52
-90 75
13 97
51 -66
36 71
54 -33
27 13
34 -91
8 9
-23 12
-40 -59
85 -37
59 -80
16 -51
96 -31
-62 57
-10 58
10 36
5 -70
93 52
-64 96
56 12
81 96
85 48
-12 -95
31 86
64 34
-77 -94
-81 43
-22 -60
-37 -12
25 61
-17 55
85 75
3 33
-93 -93
-28 27
-40 62
-96 -80
-32 75
-1 -64
67 54
50 -17
86 67
-82 74
99 95
-32 -87
-9 -85
11 -18
10 -72
-44 -43
-6 60
23 -35
96 -54
32 -48
40 54
28 89
87 -14
95 8
-46 -31
72 6
64 2
-53 91
-46 -13
-9 36
-32 34
73 96
-92 38
-71 70
-33 -65
67 22
7 -20
-99 -29
-2 -78
97 53
-94 95
-39 40
-5 42
82 10
93 -79
-7 72
73 -48
98 36
47 61
32 -80
74 -65
-91 -62
-62 20
-54 33
44 1
72 -17
97 -73
-26 -49
-93 50
-18 -36
-29 53
-98 -56
-15 -40
-53 95
-14 -66
-41 69
-52 69
46 -15
97 21
61 -63
-66 -95
-13 -92
97 30
-41 87
50 -45
-64 -67
-29 -91
16 60
42 -31
99 85
-44 -62
16 78
-62 -12
51 -81
-41 -57
40 17
21 13
48 39
69 71
86 -87
-6 77
52 9
77 93
-38 -46
59 -95
34 -30
-28 -91
45 -21
87 -6
3 -18
8 97
-22 -84
29 -91
-88 -11
40 -91
-64 -81
84 83
98 -19
-99 -39
13 50
-85 -95
-70 -5
-47 8
4 81
-41 -98
-94 76
82 -9
91 -31
-45 -41
-30 97
30 -29
-87 -38
1 84
-35 9
46 92
-42 -21
43 -72
4 -45
96 -60
19 65
99 -55
-45 71
42 76
-7 -55
-10 47
92 -85
-33 -98
14 -14
39 70
-17 26
-31 91
-75 -86
-91 49
-71 64
-30 65
-36 -6
61 -55
-12 -39
30 -61
81 -68
-72 -72
-52 -94
68 60
-61 86
-90 50
9 29
-30 -79
6 14
12 -55
53 -54
27 55
68 -75
76 -62
10 2
91 94
92 -81
2 16
-49 -48
-76 -65
79 -42
61 -78
-40 19
58 -65
-58 -29
49 -43
13 31
18 -40
-33 -76
-68 23
18 -31
13 49
24 49
-21 -93
54 -90
9 -3
19 -48
8 -48
-24 -19
-18 61
74 -94
-15 57
-6 35
-54 -51
-54 -5
-74 -11
7 63
41 -15
-45 43
-19 -48
-17 -29
57 -80
45 -36
49 -75
51 7
17 -98
-9 2
73 53
-94 25
97 -8
50 -83
7 -54
4 57
15 -32
-82 26
-34 21
76 54
45 85
57 50
-65 42
-56 20
53 -64
42 34
-56 38
-10 5
11 37
31 15
-87 41
65 -72
-23 53
75 58
-57 -89
-9 -3
-12 99
-95 46
94 89
-58 -39
42 -92
44 79
36 -14
-55 -34
-92 66
-73 79
64 66
70 -3
56 53
-46 33
-20 85
-27 64
-69 49
5 -1
-38 64
6 -37
-55 -7
94 -55
-70 4
-74 -48
40 -26
-49 36
34 89
22 87
72 -92
65 67
45 89
-80 67
-6 25
37 94
21 -12
57 72
58 46
-61 -82
37 -77
71 74
20 1
-75 29
-92 -42
-88 -81
-43 70
67 -49
48 99
54 30
-59 -27
77 -94
-79 4
-87 54
-31 53
-76 -98
-76 -89
-5 -38
-31 62
18 -73
16 -6
79 -57
88 10
-6 -25
37 53
21 -53
64 79
-55 -12
-68 18
-85 -53
-78 -5
22 82
-84 -79
-21 -41
-1 -19
45 -78
-22 21
53 -65
98 86
25 -38
79 82
49 -99
-41 -1
-43 65
-8 32
32 -21
2 -22
67 -45
-57 -90
94 70
87 22
-23 61
-5 -52
-16 -80
21 95
-36 -49
-20 66
7 -69
27 -91
93 83
42 -93
11 -99
33 87
94 -83
19 -86
-77 -63
-27 54
9 -14
-88 44
26 29
-86 -14
52 -62
-75 -8
-22 7
2 -63
-17 -67
50 32
10 -41
45 -74
-40 -51
-43 51
-55 86
3 -62
-52 2
-51 -33
24 -30
32 -17
15 -88
-4 -83
87 35
87 44
-70 -38
-86 -55
-84 64
-6 -35
34 47
52 -94
9 -28
60 -81
-65 4
7 20
-59 84
92 6
-28 62
-39 62
87 -91
-81 -84
44 -62
45 -88
90 63
82 59
54 -12
-64 14
3 -85
-29 -19
-62 33
4 -22
-28 -82
-48 -51
-19 -6
-40 -29
75 47
-13 74
-59 -33
-58 -68
81 90
-4 -97
67 -46
-98 -43
79 -72
93 64
65 -7
99 -5
64 37
77 -33
2 71
15 1
-86 -42
-9 80
-59 61
61 -23
-31 -97
55 55
79 22
-2 -52
-10 -56
43 99
-82 77
-5 59
2 -82
-93 -54
67 75
-56 -5
-92 -80
74 -57
11 3
51 -50
-71 -30
-31 6
29 57
96 -33
-22 82
-67 -60
-50 11
48 79
-5 -67
-21 74
87 25
47 -48
59 -46
34 28
28 -34
3 40
15 5
-14 -31
13 72
78 52
10 -92
73 -54
-74 -64
36 55
99 93
-70 46
-7 84
-36 48
85 -71
25 -76
-9 -78
-90 86
-17 -82
48 38
55 86
-47 57
9 65
75 19
-89 78
-20 10
-96 39
-14 90
98 -96
-59 -52
-90 -58
-1 64
-75 89
-13 73
-46 -15
81 89
-38 -1
-89 -75
39 83
5 -68
71 -86
9 -61
56 23
45 23
-33 -67
-46 3
97 33
-74 -96
-71 77
67 29
22 39
89 29
-5 31
98 16
61 -24
-44 -68
15 18
62 -50
-73 -95
55 72
-75 -19
91 4
23 -51
-36 52
-9 -74
-89 55
49 96
-14 58
-70 68
-33 54
51 -51
-42 -4
-90 -72
34 -18
78 -70
-18 -56
-38 -16
-55 -87
-7 -38
-34 -55
-10 64
1 -25
-37 -42
85 45
-7 -29
6 -99
-63 67
-51 32
51 52
-17 43
-5 8
32 57
77 -30
-94 79
-74 -92
96 69
-94 88
-2 -67
-29 -84
99 74
99 51
-70 27
50 -20
93 -77
73 -37
92 53
60 -7
35 -82
-13 27
-22 58
43 -51
69 87
-28 -93
-93 25
72 -6
45 -23
44 21
22 -16
-70 -90
1 -39
44 30
42 97
58 -75
-53 88
5 -69
86 5
3 -1
2 42
77 -44
4 70
-96 -97
-94 83
81 -65
-59 50
-11 99
19 -40
-72 -60
-4 4
-82 66
55 53
-41 -73
-37 65
8 -22
91 -6
49 77
-32 -86
5 52
40 19
-11 -54
-70 49
-59 -94
-33 44
58 64
-54 21
-85 15
81 38
-31 -5
95 -18
45 -37
34 -37
52 11
59 -93
53 -15
44 16
-7 -57
33 16
50 96
-3 -96
44 25
-95 68
80 -80
-64 74
9 -85
-8 82
-97 -85
24 34
98 -17
-4 -28
58 -44
-12 -32
7 -19
-56 -57
-11 94
11 -58
83 -33
63 -1
88 82
-7 73
-69 98
72 -52
-74 -8
-96 -8
-88 94
61 55
-45 46
-22 48
-57 90
52 6
-68 99
72 -16
-57 99
-65 95
27 80
93 16
-6 -97
-32 3
83 79
49 -63
38 -63
68 -50
-54 92
19 94
-56 -98
43 24
22 1
46 -32
58 -67
-88 -23
51 46
-67 9
70 -4
-4 -42
42 -66
-11 80
5 24
74 -96
-60 -87
-24 -3
-62 -20
-74 -22
-78 26
-18 68
-27 99
-7 68
-49 71
-65 54
84 -55
29 9
80 54
53 -43
85 -2
-35 91
34 -29
14 -35
-32 7
-94 23
76 -42
-51 3
50 -94
66 21
-31 79
-60 43
12 59
86 8
-90 2
8 -82
90 -31
-20 97
81 -80
-18 36
-7 36
1 49
79 -13
47 25
45 92
92 24
-88 66
21 -18
-89 21
-14 24
67 98
-13 -11
-49 66
-33 29
-58 94
-61 -79
-92 -48
26 78
-30 -64
25 -30
-53 32
-30 -55
69 58
-18 -90
79 90
-29 8
68 -78
82 95
-40 -20
-72 46
-53 59
-23 60
-54 91
-28 -37
-41 42
14 -13
-36 -32
-51 16
-47 -23
-24 -58
83 -75
79 -18
40 -37
-7 40
68 43
64 91
23 -99
-80 65
86 97
-19 -96
52 -36
64 -71
61 31
80 44
-16 67
-85 -5
2 -37
87 -51
-46 51
-45 40
-17 -32
46 -83
-99 78
34 -48
-40 -25
46 -74
-72 50
92 -98
-76 -91
-79 11
-34 -76
-43 95
95 47
-71 24
61 -95
58 -91
-8 71
32 18
-36 -37
41 85
-92 59
-90 1
-45 -86
-82 14
-47 -19
94 -80
-98 -3
-83 -94
46 29
-54 -49
-96 -55
-14 -4
-31 -75
-8 -64
-33 1
-31 -57
44 -54
14 94
21 -10
-4 64
-83 9
45 -71
-75 22
61 44
-95 16
83 41
-15 -95
-72 36
-9 -15
97 -43
-17 -19
-5 -54
-34 -90
-50 42
33 58
-96 84
-47 -51
-90 -22
99 3
-55 -55
78 -20
72 58
55 -13
91 -81
-63 99
29 -56
-26 8
-72 -99
-86 -25
-57 11
-68 11
-22 -13
-61 68
97 87
92 18
-13 -26
45 -94
-45 3
49 56
21 -15
-93 -37
69 34
-19 -88
-32 -58
-45 12
59 97
-10 -12
-38 -83
98 79
82 71
31 -2
-61 -76
-83 13
-72 22
-31 23
93 -9
-58 -74
-23 54
83 72
-94 12
-82 -23
-91 8
60 79
1 2
-89 -53
71 -55
-19 42
34 45
88 25
83 -81
-86 -39
94 -81
45 63
78 60
-69 50
69 2
60 -56
-82 89
-14 4
-64 -15
97 91
-81 -86
-21 -35
-36 65
25 -68
59 83
-76 38
10 -48
-38 -88
27 32
-5 -91
17 95
43 -42
8 37
30 37
14 -69
-54 62
21 65
89 -57
-39 -66
36 -63
-91 -6
70 -52
55 -41
-21 77
7 -81
-16 -83
41 70
-10 86
-70 -45
-29 91
-70 -36
-85 -88
-37 -2
-74 -70
22 65
42 -20
98 42
-85 -52
-65 15
-81 -91
-9 -75
-1 -27
-45 2
-44 -33
28 72
-98 94
-62 26
3 -83
72 -2
51 -25
-31 22
49 -98
-73 16
35 -33
-97 95
-18 -39
15 -91
43 -11
-13 85
-98 -41
-34 -29
-24 -83
36 -32
29 -80
22 33
56 35
-93 83
-26 -7
-97 -58
22 42
23 96
-22 -46
-27 28
-54 -69
76 22
-5 34
-71 98
-49 9
-1 -77
-31 -95
-33 -28
