11 150
93
48
75
59
90
38
4
115
136
99
67
818
10 137
3 77
3 63
9 50
3 91
9 140
4 103
6 78
7 65
5 79
10 144
5 126
5 63
3 122
0 80
10 110
8 80
10 70
6 34
4 71
0 90
7 99
1 6
3 56
5 77
2 82
5 112
4 124
1 125
1 134
0 49
9 149
7 17
6 119
8 57
4 61
3 32
5 32
3 134
6 124
10 65
10 42
10 87
0 111
7 104
0 60
6 54
8 23
6 148
9 6
3 110
9 93
10 57
0 114
3 20
2 135
7 79
8 45
0 24
9 141
1 52
2 73
7 112
1 55
1 102
4 35
0 119
10 133
3 92
8 56
7 121
1 138
8 63
10 74
3 83
0 24
6 90
9 48
8 80
5 61
5 135
1 130
6 144
9 17
10 2
6 85
2 46
6 133
2 124
8 16
7 120
1 33
3 17
4 47
8 95
3 79
3 75
5 135
6 29
4 140
6 134
9 75
6 135
5 1
0 46
1 39
2 94
7 57
2 29
1 148
5 115
2 49
7 96
1 118
8 31
6 10
8 75
4 79
6 68
6 120
7 78
10 54
7 10
7 125
5 81
9 120
0 67
6 135
1 126
4 10
1 122
9 25
8 99
1 107
0 70
8 32
4 88
5 120
1 102
9 46
4 138
9 143
8 33
6 76
7 73
2 90
8 8
2 149
3 50
8 2
8 100
10 2
8 3
5 75
3 27
7 39
1 77
0 35
6 11
10 120
10 59
9 133
1 8
2 128
6 127
9 23
8 47
8 88
2 68
10 96
5 132
7 34
5 16
6 67
4 18
9 40
2 146
0 25
9 90
1 73
4 116
3 40
9 95
8 17
10 86
3 147
0 39
5 79
7 81
10 6
5 50
3 13
10 75
6 14
7 27
0 54
10 88
0 1
3 13
1 15
0 64
9 37
5 130
2 89
7 114
0 110
7 13
4 71
10 148
5 24
0 93
0 57
9 103
1 143
10 45
10 5
0 69
8 44
10 53
8 14
6 83
9 22
0 58
1 126
8 107
10 70
4 132
8 12
1 135
7 118
1 109
0 68
1 102
2 128
7 26
10 120
10 7
8 37
6 124
5 114
10 73
0 0
8 0
6 83
7 52
1 5
5 139
6 136
0 31
10 8
7 53
8 26
10 52
3 121
2 109
2 94
4 86
6 7
9 15
8 102
2 75
6 10
10 37
3 16
3 140
4 99
5 4
3 19
5 102
9 102
4 40
0 1
8 89
10 142
1 17
8 39
0 56
10 14
1 6
2 35
10 38
6 5
7 142
8 147
9 70
9 139
9 105
4 99
6 102
2 66
0 90
0 142
3 145
4 102
1 89
1 130
7 31
8 56
2 56
1 90
1 28
4 41
3 84
3 15
4 144
3 126
2 3
2 21
0 90
2 69
7 52
8 87
5 121
8 147
3 88
3 3
8 66
4 48
0 119
6 31
6 46
4 104
7 45
9 20
1 17
9 62
1 52
2 135
3 77
3 114
4 59
3 118
5 15
3 126
6 125
10 99
6 33
1 114
6 145
1 91
8 144
1 120
0 37
2 117
5 104
5 95
1 15
9 75
7 24
3 80
3 71
8 94
1 115
8 19
0 45
4 60
10 12
5 3
2 48
3 113
7 120
9 11
10 96
5 54
4 99
2 14
1 94
2 62
9 88
4 19
7 49
5 147
1 122
5 47
10 8
3 93
10 124
5 46
1 136
9 60
1 21
8 132
8 29
5 98
2 82
9 60
0 5
9 50
9 95
5 41
8 132
10 133
10 126
3 29
3 90
6 133
9 54
2 46
4 7
9 30
6 56
6 103
4 73
3 34
7 12
2 89
6 107
4 15
0 85
5 23
2 71
10 149
4 35
7 55
1 72
1 136
4 42
2 88
1 92
0 91
0 65
10 4
10 89
4 120
7 27
5 27
7 20
10 85
4 78
1 146
4 63
1 147
7 1
7 72
0 94
1 20
4 81
4 4
8 127
4 14
8 53
3 116
2 63
10 17
7 114
1 88
9 81
7 27
7 55
5 41
4 99
10 28
8 131
6 93
8 143
8 103
9 127
6 86
10 54
5 132
5 84
3 89
3 55
9 17
4 110
10 148
5 76
7 81
3 82
6 51
1 104
8 142
7 2
8 148
0 146
2 105
0 59
10 71
0 88
0 121
10 108
1 142
4 9
8 139
1 47
10 81
6 81
0 109
7 81
8 39
9 11
5 91
0 97
0 27
2 127
5 83
1 119
3 93
6 31
1 49
10 67
10 58
3 140
1 132
6 13
1 143
10 38
1 104
1 87
5 143
7 67
10 135
5 41
7 103
9 148
10 17
3 75
4 22
6 10
2 46
10 53
8 105
2 131
3 14
9 1
3 34
0 97
8 4
7 10
7 121
1 137
10 105
1 137
7 100
5 47
1 80
0 148
2 20
1 54
7 145
5 53
10 17
2 91
7 67
10 14
7 35
5 88
1 30
7 109
8 140
6 22
5 38
9 118
7 66
9 19
6 72
6 93
10 7
6 133
1 63
1 110
4 91
7 59
5 127
9 0
6 124
1 58
1 84
8 113
9 2
0 139
3 69
8 82
3 73
1 93
0 133
10 67
7 118
1 87
9 56
5 8
9 4
0 75
6 13
7 147
5 20
4 132
3 63
7 75
10 18
2 121
0 67
5 57
0 50
7 127
0 69
5 22
2 36
5 4
8 5
6 8
6 92
4 148
10 84
9 57
0 26
0 73
6 90
5 49
6 48
2 115
6 90
10 74
8 74
2 2
1 39
9 134
8 144
7 42
0 134
5 47
7 29
9 125
0 92
0 106
1 38
9 104
4 96
7 102
10 40
6 13
9 49
8 9
1 10
8 105
2 41
7 136
2 50
3 10
8 5
9 95
1 8
3 52
3 145
7 97
2 16
6 118
5 7
5 121
3 115
5 63
9 102
5 98
9 8
3 7
7 130
3 97
8 60
4 113
8 21
0 122
10 100
9 35
2 57
8 23
4 49
0 52
5 132
7 147
10 143
1 144
7 25
4 6
9 10
5 74
0 93
3 35
7 1
6 31
1 143
6 107
6 82
8 128
5 15
8 76
5 119
1 46
10 35
0 121
8 93
9 26
3 34
6 111
7 125
0 149
2 95
4 136
4 119
8 10
2 119
9 92
0 0
10 72
7 51
3 92
5 149
0 86
8 57
9 41
2 91
5 55
8 139
10 22
8 0
3 60
2 70
3 81
5 80
3 67
4 49
2 54
7 111
7 31
9 13
6 67
5 78
5 50
4 56
7 112
8 27
0 75
2 64
9 37
10 12
2 106
8 122
7 64
4 48
3 88
8 39
9 50
3 111
9 27
9 72
10 84
1 7
6 23
6 111
3 39
8 145
3 63
8 10
7 142
0 51
5 36
8 111
3 56
9 142
5 114
6 19
3 12
2 37
9 137
0 71
4 48
9 58
5 37
7 30
9 88
1 24
10 41
4 36
5 132
8 144
5 9
2 147
4 104
7 42
2 58
1 23
3 50
1 108
6 115
8 55
6 120
7 10
2 38
8 68
7 142
10 17
0 21
7 114
7 134
3 0
2 39
9 42
5 58
9 148
10 144
7 109
6 75
5 51
2 78
4 1
1 128
10 17
8 115
6 109
10 113
9 5
6 41
5 29
7 137
10 123
8 24
9 16
1 129
2 39
736
145 2
78 9
35 4
12 0
140 8
65 2
113 4
127 2
38 5
143 9
83 8
43 7
108 10
34 1
120 7
96 6
61 5
104 2
52 3
146 6
144 7
33 1
53 3
73 0
121 3
6 1
31 6
87 1
32 2
129 9
84 9
5 2
143 7
41 10
65 4
125 0
0 9
93 1
79 1
21 3
139 2
131 1
137 10
70 9
149 4
9 5
92 8
25 9
50 1
126 1
92 0
12 0
103 7
16 4
93 0
65 9
13 4
134 8
85 0
29 10
99 1
81 5
122 8
92 6
144 4
114 4
131 1
24 8
28 9
0 7
34 7
56 6
19 9
112 2
48 4
51 4
80 7
58 8
30 0
95 3
19 3
25 6
146 2
113 1
62 0
119 10
48 4
89 8
132 5
116 4
75 9
40 0
103 0
6 5
25 9
59 6
47 2
27 3
72 0
33 0
89 1
50 1
26 8
104 0
136 0
95 5
77 4
119 5
112 0
103 2
120 2
94 0
144 9
99 4
94 8
31 9
7 6
112 2
9 0
29 4
47 1
12 8
149 0
77 10
127 8
89 9
41 5
95 7
28 8
87 9
66 5
121 5
21 6
46 6
145 10
63 9
123 6
118 3
30 6
62 2
60 5
19 3
34 2
137 6
53 0
72 0
4 3
23 10
140 1
59 4
142 0
132 7
142 7
65 1
90 5
128 2
29 5
101 1
130 4
131 1
144 5
132 2
6 0
92 9
42 0
17 4
145 1
30 0
86 8
79 6
122 8
46 2
129 4
47 5
65 1
47 10
21 2
91 7
8 5
129 0
33 6
4 7
85 3
72 10
125 10
136 7
149 7
134 7
83 9
134 0
110 0
67 9
69 5
87 4
142 4
136 1
85 5
74 3
104 0
112 2
29 8
135 1
143 3
26 3
68 0
138 7
18 2
118 9
87 7
40 5
20 7
3 3
139 2
86 4
66 2
24 7
137 3
107 1
28 10
18 9
61 5
104 0
72 0
37 8
87 0
58 5
93 3
2 2
34 10
148 10
62 1
58 8
61 6
104 7
108 10
26 6
114 7
101 7
2 5
112 10
55 5
75 3
127 6
72 4
51 2
122 0
47 4
66 6
68 2
35 3
89 4
39 4
8 3
71 3
103 4
110 8
140 9
145 9
70 7
138 10
130 5
122 8
78 0
18 7
101 5
37 8
124 1
105 9
2 0
72 4
7 3
9 3
84 8
17 8
141 7
29 0
2 1
105 6
142 10
35 2
9 5
89 6
137 4
88 7
145 2
30 9
37 4
50 3
8 7
74 9
103 4
146 7
57 10
122 0
86 1
102 5
23 0
28 1
69 1
136 0
57 0
126 9
17 4
122 5
146 2
1 7
45 10
107 8
128 7
148 7
122 9
70 8
80 8
57 1
23 9
40 2
147 0
49 8
34 4
25 2
56 8
92 2
126 2
33 7
134 2
147 5
51 10
102 3
39 1
130 8
94 9
140 10
29 4
69 1
83 8
58 2
86 5
144 2
33 5
96 8
7 7
11 2
85 3
48 5
116 6
57 1
22 8
4 7
85 4
5 0
34 3
137 7
124 10
71 3
146 1
42 9
59 10
25 10
76 0
24 8
43 5
121 10
4 4
128 1
14 0
127 0
86 9
90 7
86 1
65 8
89 8
72 6
56 6
106 0
74 5
10 4
139 3
124 0
101 0
62 6
54 1
145 7
89 9
135 7
13 6
111 7
81 6
50 1
24 5
42 9
80 4
138 5
9 2
115 1
73 2
94 0
57 9
67 2
41 7
124 2
147 3
53 5
25 3
0 10
11 0
28 2
11 1
8 7
131 8
126 0
65 5
23 3
13 8
56 4
36 9
147 2
10 4
55 5
9 0
18 0
112 8
90 9
14 7
139 8
86 9
142 7
1 1
28 10
27 0
82 3
52 2
65 7
50 10
125 0
122 1
84 5
117 8
68 4
111 9
106 1
90 8
10 5
37 8
96 5
33 3
25 10
124 8
122 0
142 8
111 9
43 9
96 3
70 4
83 2
132 0
99 5
45 1
106 5
121 4
53 6
24 7
19 9
140 2
31 2
32 1
50 6
76 9
149 8
129 9
81 6
3 5
3 3
56 7
32 8
77 6
8 0
93 0
100 8
140 7
129 6
13 4
84 2
75 10
73 3
61 9
71 8
38 3
45 2
91 1
57 3
26 0
4 0
142 1
15 8
147 6
81 2
60 9
10 10
28 4
115 0
67 5
47 9
37 8
41 10
65 3
143 7
143 3
119 2
26 4
146 7
130 4
16 4
145 3
127 10
144 1
51 4
24 4
93 8
105 5
66 5
108 3
85 3
137 2
66 0
36 9
85 1
44 7
91 7
110 1
18 1
149 0
52 0
118 3
125 5
112 7
147 9
16 1
22 3
145 8
47 2
9 9
91 3
114 5
83 7
118 7
130 4
67 1
19 7
123 2
140 9
90 5
73 7
142 8
27 3
137 0
90 3
36 3
133 0
6 6
55 7
32 5
111 9
67 9
96 4
23 1
28 1
8 2
47 9
77 6
71 3
133 4
8 4
31 9
118 1
85 1
39 4
44 6
15 4
71 10
46 3
52 6
18 9
8 7
2 6
49 4
138 10
142 2
115 4
106 1
3 3
82 7
41 9
100 10
139 2
52 8
122 1
64 2
143 0
147 3
94 0
11 9
141 2
113 0
40 8
54 3
47 4
76 0
67 9
132 0
50 7
21 9
46 9
61 3
9 3
65 10
101 2
120 5
58 9
74 1
68 8
98 9
94 9
83 8
109 1
84 0
7 8
69 9
5 2
111 0
96 9
36 6
130 5
41 6
4 7
99 7
7 6
40 7
140 7
26 9
46 8
144 1
51 5
121 10
105 5
121 6
111 5
34 10
30 8
57 3
22 8
112 5
20 4
27 5
25 3
3 7
122 0
89 9
89 4
30 0
84 1
112 10
90 0
39 7
35 1
59 5
55 4
99 7
147 7
119 9
67 3
16 2
29 3
132 6
63 2
102 10
16 3
101 8
75 6
122 6
86 0
119 10
4 7
5 8
109 6
98 1
124 4
59 8
115 7
75 9
24 4
51 7
108 9
76 3
148 0
37 4
13 0
64 8
35 6
73 1
142 4
17 5
35 0
25 8
7 2
104 1
21 0
54 6
13 6
46 1
105 4
145 7
26 2
52 10
100 6
33 10
94 5
146 5
19 1
80 9
137 9
123 4
35 3
124 7
56 3
14 5
126 6
12 10
67 2
105 0
111 6
24 3
42 5
25 4
0 5
33 1
2 0

