10 143
64
115
111
132
81
121
68
123
78
129
474
3 10
1 99
5 75
4 11
6 30
6 42
1 65
0 41
0 7
9 23
4 25
4 31
4 141
0 31
9 18
8 43
8 57
6 114
4 128
1 104
8 109
4 11
7 109
5 100
1 41
6 55
0 9
6 138
5 14
6 89
9 24
7 43
5 17
0 0
7 72
6 23
0 0
7 115
0 19
6 91
2 63
6 20
1 55
9 92
9 60
5 142
7 87
7 138
2 128
9 64
6 99
4 9
3 57
5 124
6 52
2 121
0 97
3 85
2 137
2 97
1 99
2 136
6 19
3 67
9 18
9 84
3 22
9 54
1 133
3 36
6 19
5 16
0 18
7 67
3 53
9 7
4 93
9 76
0 119
3 57
8 36
7 48
1 109
2 92
7 86
0 117
7 123
0 69
9 67
5 39
5 40
4 43
4 109
6 2
8 87
4 79
6 54
4 30
1 49
0 142
3 67
7 35
2 70
7 20
0 64
8 62
5 95
8 24
1 72
8 81
7 118
0 14
6 2
1 99
0 9
1 30
5 23
8 102
4 1
0 85
6 133
9 88
2 79
5 12
2 93
2 31
0 73
2 44
3 134
9 47
9 140
4 35
7 50
4 79
0 20
1 62
8 76
4 101
5 40
9 109
2 97
4 59
9 137
9 133
6 15
5 138
5 134
3 64
9 35
6 55
2 25
9 120
1 47
7 6
8 140
4 89
4 56
7 37
5 54
0 14
4 91
3 136
4 35
4 101
9 83
5 10
4 55
3 53
3 93
8 20
1 19
4 16
4 104
9 131
9 41
6 80
1 8
3 76
3 38
0 114
5 71
9 36
6 65
6 23
8 98
0 58
1 51
8 25
8 120
2 9
4 43
9 142
9 85
3 133
9 99
2 36
5 93
9 70
1 84
4 53
1 142
1 106
0 53
9 7
6 106
7 104
0 66
3 128
2 117
7 125
9 22
0 25
2 85
3 22
4 142
5 43
8 91
8 142
3 104
3 83
3 32
3 57
1 87
6 113
1 14
8 49
1 70
3 118
7 102
8 78
9 58
5 75
3 99
8 33
2 37
1 121
5 38
5 68
8 47
7 50
3 142
8 13
4 44
2 118
5 132
8 100
5 95
5 121
3 138
2 5
5 116
4 59
6 76
4 45
0 2
5 13
6 63
9 139
5 101
3 83
7 108
5 13
2 37
7 27
1 100
1 33
0 16
0 89
6 3
0 86
2 97
2 60
6 121
1 70
6 50
2 136
9 26
5 47
3 131
6 23
8 73
5 5
6 16
2 8
6 15
2 93
1 17
0 32
9 20
6 23
1 55
4 94
6 132
0 31
2 127
0 105
3 5
0 64
0 58
9 72
0 134
0 37
9 12
5 61
3 52
2 106
6 23
1 14
1 73
0 82
2 83
2 73
0 52
8 133
0 58
8 63
8 75
0 33
5 46
7 134
4 45
4 95
7 53
0 4
2 111
2 66
7 20
3 42
7 21
8 123
6 4
0 133
7 98
9 122
9 7
9 136
1 29
6 23
5 90
4 11
8 138
9 44
4 140
9 94
1 116
8 128
8 17
6 116
3 32
2 3
8 6
4 6
1 104
8 135
2 78
9 56
6 74
6 44
3 62
0 71
5 139
5 117
4 59
1 139
3 11
2 117
6 57
7 71
3 109
7 100
1 54
5 70
3 14
3 41
4 138
4 8
0 69
8 105
4 19
6 50
5 22
4 130
4 4
2 71
6 60
8 140
0 79
9 28
1 63
8 56
1 6
2 92
7 141
1 86
4 104
3 140
1 60
3 5
3 94
0 54
9 19
7 31
7 52
0 83
3 36
2 84
9 68
5 11
0 100
4 62
6 66
0 14
5 67
6 34
4 134
6 107
9 76
9 4
0 119
0 87
2 108
6 50
6 58
8 124
1 22
0 131
3 70
1 92
4 82
5 8
9 15
0 137
6 6
3 103
6 138
9 56
3 100
1 41
3 21
5 109
4 104
0 41
0 127
9 61
9 140
7 108
7 84
2 44
1 115
0 137
4 140
0 108
7 119
4 80
7 85
5 49
2 41
8 76
0 45
0 50
7 119
5 51
8 18
5 4
4 117
0 109
2 89
5 104
6 13
3 88
2 33
4 72
5 28
7 30
28
37 8
88 2
88 0
23 7
142 0
34 2
110 3
81 2
140 2
98 8
24 1
118 2
125 0
20 4
91 2
117 0
7 1
4 3
0 3
88 9
138 7
11 4
121 2
93 6
13 9
137 9
22 1
0 9

