5 64
58
60
61
20
16
229
2 33
0 31
2 4
2 39
3 16
1 26
2 37
0 42
2 8
1 8
1 52
0 41
3 39
2 31
1 40
0 37
0 57
0 34
2 36
4 5
2 25
4 5
4 30
4 51
4 1
2 38
0 54
4 39
3 59
1 29
3 0
2 17
2 11
3 3
1 60
0 49
1 62
2 45
1 10
2 36
4 17
0 10
2 31
1 48
2 23
3 20
4 47
4 12
4 28
1 9
1 54
0 45
4 45
1 24
0 53
1 43
2 48
3 42
2 50
2 62
3 5
1 15
0 55
0 20
1 3
4 21
3 15
4 17
0 48
1 34
4 43
0 42
3 18
0 30
2 41
2 27
3 30
1 47
1 26
4 16
1 20
4 43
2 35
4 37
1 1
0 24
0 25
2 58
2 26
3 21
4 34
2 25
3 27
4 50
3 4
0 9
1 50
2 21
4 34
3 46
2 38
2 44
4 10
1 32
3 44
1 48
2 42
1 9
4 44
0 17
2 32
0 6
3 12
3 21
4 49
3 11
3 20
3 29
3 17
3 12
3 25
1 12
0 24
0 8
2 47
4 54
1 17
2 39
3 25
3 18
0 42
2 53
4 40
1 35
0 60
2 16
0 19
0 15
3 30
3 48
2 4
3 0
2 23
3 27
4 30
1 10
2 22
0 31
4 1
0 22
4 61
2 61
0 29
1 51
2 18
3 49
4 4
4 53
0 2
4 24
1 49
2 62
3 14
0 49
3 9
1 19
4 24
4 44
1 59
3 39
1 19
3 63
3 63
3 23
2 26
2 26
2 45
4 55
4 54
4 51
4 34
0 17
0 55
0 40
1 50
0 49
0 35
1 11
1 37
4 49
4 56
3 16
1 45
2 38
3 21
1 55
2 21
3 55
4 52
4 1
2 45
0 4
3 28
2 8
3 40
1 60
4 8
0 22
0 19
0 29
2 1
3 50
4 61
1 10
3 27
4 2
4 48
1 49
3 61
1 30
1 5
0 56
1 28
3 4
3 38
3 7
4 33
1 6
1 63
226
57 1
45 0
11 0
31 1
30 4
32 1
5 2
7 3
56 0
39 2
55 3
17 1
36 1
23 0
25 2
44 4
62 0
21 1
40 0
23 4
24 0
43 3
34 1
20 0
34 4
34 2
50 1
49 4
22 0
27 2
29 1
48 4
25 1
58 3
24 4
9 4
52 0
23 2
40 4
44 3
37 2
26 0
39 3
57 0
17 3
60 1
10 0
25 3
25 4
33 4
7 1
28 3
0 0
35 4
27 2
22 0
13 4
52 2
57 1
5 3
25 3
40 3
12 1
2 2
27 4
18 1
51 3
13 2
56 2
46 4
29 1
18 2
59 1
27 0
63 1
43 2
6 1
51 4
57 1
49 1
17 1
16 0
37 2
33 3
34 4
9 4
14 2
43 1
35 2
51 3
43 3
18 1
5 0
14 3
10 2
21 4
12 1
51 2
49 2
42 3
43 1
22 0
63 1
40 1
34 3
39 1
46 1
56 2
59 3
40 2
28 2
48 1
14 3
4 4
35 4
49 2
1 2
0 3
42 1
36 1
41 0
52 1
6 4
49 1
1 3
21 2
43 2
25 2
4 2
46 0
29 0
0 0
27 2
28 1
57 3
26 0
45 1
18 1
1 2
35 0
43 3
6 3
2 2
42 4
26 4
52 4
2 3
57 0
52 0
47 4
40 4
9 1
59 4
54 4
22 1
30 0
46 3
37 1
22 4
49 4
29 1
3 1
33 3
15 1
29 2
14 0
32 1
22 4
23 4
32 2
8 0
62 0
62 2
10 4
30 4
16 2
58 1
11 4
25 1
35 4
47 3
45 2
51 4
21 4
48 3
12 3
17 0
44 2
39 4
13 3
28 4
54 3
31 1
12 4
14 4
6 1
55 2
25 2
5 1
55 0
2 0
43 1
39 1
26 3
21 0
61 0
53 2
54 4
36 0
5 1
41 2
42 1
24 2
53 4
10 1
23 3
23 1
46 0
27 0
57 1
18 1
45 4
31 3
36 0
28 4
63 3

