12 46
37
36
32
37
42
36
19
41
17
10
34
22
278
4 9
8 41
11 44
4 40
6 8
2 20
2 43
4 25
4 18
7 16
3 27
10 13
10 21
5 36
5 6
8 37
9 29
1 12
1 13
6 6
9 27
4 1
8 10
4 16
3 32
6 35
11 16
8 2
0 26
8 39
11 9
5 27
5 2
4 39
6 37
11 27
3 40
8 7
4 5
10 2
2 7
10 2
2 31
7 5
2 13
6 1
1 37
0 10
0 24
10 11
10 43
8 2
4 9
10 31
10 21
0 33
1 12
7 13
10 33
9 42
9 37
3 35
6 40
3 20
7 16
7 9
10 15
6 42
10 19
8 13
9 36
8 1
0 3
7 13
0 25
4 44
7 41
10 11
1 14
0 30
2 6
9 18
9 31
8 16
8 43
3 26
1 45
6 27
8 31
6 23
0 5
3 0
2 11
7 2
4 42
10 32
10 20
6 38
2 32
1 43
5 36
1 17
1 26
3 5
4 10
9 18
1 37
7 19
10 34
6 11
11 39
0 26
1 2
2 8
10 41
3 38
1 6
11 45
2 24
8 21
3 28
10 2
11 31
8 0
8 29
4 12
6 45
3 30
1 23
6 12
4 4
9 29
3 24
6 0
8 37
10 35
1 21
2 18
6 3
10 6
0 6
3 38
3 1
4 10
9 24
1 19
9 37
6 37
6 17
11 20
2 31
1 36
4 44
5 32
8 6
6 6
7 1
4 2
7 0
3 43
3 6
7 13
7 38
0 34
10 19
4 8
11 8
0 14
2 20
0 3
6 43
2 2
6 38
1 16
5 33
9 33
9 7
7 8
3 0
2 1
10 8
8 20
2 35
5 7
7 33
4 7
0 41
7 5
7 44
3 5
11 27
9 37
10 3
7 31
6 37
7 0
10 40
8 7
10 5
9 7
6 38
8 3
8 28
4 21
0 24
11 20
8 1
8 5
7 12
5 26
5 28
7 36
4 8
2 40
10 25
0 45
0 39
0 25
5 37
6 25
1 8
0 28
0 18
0 18
8 30
8 17
2 10
5 41
5 42
9 28
11 2
7 40
3 37
9 21
2 13
7 1
4 44
9 21
0 19
2 24
4 15
6 45
11 26
2 37
0 30
11 43
5 43
5 7
1 37
9 23
9 10
10 25
3 34
0 20
9 24
4 40
1 25
1 23
2 13
2 25
1 41
11 28
5 41
7 24
5 0
6 15
4 0
8 34
5 32
4 2
5 3
5 34
9 34
2 27
11 19
6 42
11 1
3 18
475
31 2
29 2
34 11
37 0
9 5
26 5
4 5
9 2
21 8
16 11
15 3
22 3
6 4
12 8
21 7
43 7
2 10
18 1
26 0
4 11
9 2
41 2
42 0
0 3
34 5
23 0
34 6
11 1
2 5
28 1
14 3
38 7
9 3
14 1
9 0
18 5
18 2
40 9
26 7
45 1
29 11
22 8
26 8
8 2
19 10
24 7
30 5
20 10
28 4
17 6
42 6
19 7
33 7
26 0
7 7
22 9
42 10
29 9
11 1
15 2
11 1
44 5
29 5
18 5
18 3
10 6
9 5
37 3
23 4
23 10
15 11
36 7
16 8
41 3
25 2
6 1
5 3
31 7
8 4
14 5
20 0
6 8
14 3
25 7
25 7
16 9
25 4
33 2
40 5
38 3
34 9
19 9
13 1
39 10
8 10
3 2
4 7
9 6
29 5
14 7
0 8
16 7
0 3
44 4
35 1
24 10
20 7
25 9
1 8
35 6
43 1
12 8
24 5
11 11
30 10
6 1
41 10
25 9
5 3
29 9
42 7
25 8
17 9
30 10
33 4
36 1
7 0
16 1
0 0
38 7
45 7
38 6
44 11
19 9
16 7
4 11
35 0
16 5
14 1
45 4
36 6
15 11
36 11
21 2
3 6
38 0
17 2
11 6
6 9
17 6
28 0
29 9
0 9
24 8
23 8
41 3
36 2
19 5
19 11
18 0
43 3
30 1
39 4
18 2
6 4
14 0
21 9
42 8
44 3
43 9
4 1
18 5
14 10
38 1
6 3
2 6
31 11
33 3
15 4
26 5
28 9
5 11
35 4
19 9
41 0
18 0
1 5
35 1
39 7
22 3
1 1
20 0
30 4
3 7
14 9
14 4
6 4
16 9
42 5
34 0
41 7
14 7
45 7
5 2
3 11
18 2
35 6
18 9
7 1
37 4
10 11
39 6
44 2
22 3
32 5
31 0
42 0
27 3
24 5
30 11
21 8
10 10
10 0
33 4
24 3
18 11
11 5
27 11
29 1
33 4
7 1
14 2
27 3
42 9
28 9
8 7
3 9
31 3
39 4
24 3
3 4
37 8
29 0
11 6
31 5
26 11
5 5
32 11
35 0
0 6
8 11
7 3
42 6
14 8
0 8
45 8
2 1
3 5
38 6
10 5
36 5
22 9
33 9
39 7
2 11
31 7
28 7
2 11
28 11
4 7
34 1
34 2
40 11
12 7
4 4
38 10
39 9
45 0
10 6
34 9
20 8
39 7
2 0
19 4
7 6
19 4
32 1
20 3
17 7
43 10
43 1
45 10
8 0
29 0
29 10
44 9
22 6
36 10
36 6
36 7
22 3
24 1
32 6
45 10
39 11
31 11
21 1
6 4
30 10
2 5
32 9
0 5
13 5
27 6
11 5
24 8
12 6
9 0
14 1
44 10
11 5
11 1
43 9
28 1
1 3
5 0
39 2
45 5
24 2
27 5
23 4
15 11
24 3
17 0
28 9
24 4
44 0
21 7
31 1
4 9
2 7
38 11
13 10
45 1
20 1
11 9
13 4
12 4
26 10
18 4
29 6
28 4
28 7
0 6
17 7
8 9
36 2
36 5
17 3
18 3
16 6
27 4
42 9
31 10
35 3
0 10
20 0
35 6
43 11
0 1
35 6
12 8
16 2
18 4
16 5
28 1
5 10
36 2
21 7
28 5
35 5
36 4
30 10
15 4
16 1
44 0
23 11
37 8
38 0
6 11
14 6
34 4
27 8
42 5
10 3
34 1
21 5
1 10
12 10
5 3
21 5
34 10
27 0
3 0
0 7
17 6
0 3
23 11
0 0
30 4
36 1
3 11
45 4
33 4
15 10
11 0
45 6
1 6
37 6
10 9
39 8
26 0
30 5
10 9
21 7
22 8
36 3
7 8
37 0
3 0
8 7
36 1
39 1
11 3
3 10
19 10
40 9
19 5
35 3
15 6
18 6
37 11
45 8
3 4
36 5
20 11
3 10
3 1
31 5
12 8
15 11
23 8
5 4
28 0
11 8
2 10
35 7
10 1
33 10
31 4
31 2
44 9
29 10
6 9
38 9
37 8
10 5
37 6
31 9
35 8
16 9
43 9
32 5
0 6
45 11

